14.08.2018	0,8819	0,8772	0,8820	0,8749	0,62%
13.08.2018	0,8765	0,8781	0,8800	0,8745	-0,14%
12.08.2018	0,8777	0,8793	0,8793	0,8763	0,16%
10.08.2018	0,8763	0,8675	0,8781	0,8667	1,00%
09.08.2018	0,8676	0,8612	0,8677	0,8605	0,74%
08.08.2018	0,8612	0,8621	0,8640	0,8599	-0,10%
07.08.2018	0,8621	0,8657	0,8661	0,8615	-0,40%
06.08.2018	0,8656	0,8639	0,8673	0,8639	0,08%
05.08.2018	0,8649	0,8643	0,8650	0,8642	0,05%
03.08.2018	0,8645	0,8630	0,8650	0,8611	0,15%
02.08.2018	0,8632	0,8577	0,8636	0,8570	0,64%
01.08.2018	0,8577	0,8554	0,8579	0,8546	0,27%
31.07.2018	0,8554	0,8541	0,8558	0,8512	0,14%
30.07.2018	0,8542	0,8578	0,8586	0,8534	-0,40%
29.07.2018	0,8577	0,8578	0,8580	0,8575	-0,03%
27.07.2018	0,8579	0,8588	0,8606	0,8572	-0,12%
26.07.2018	0,8589	0,8525	0,8592	0,8515	0,73%
25.07.2018	0,8527	0,8557	0,8573	0,8518	-0,36%
24.07.2018	0,8558	0,8552	0,8581	0,8535	0,07%
23.07.2018	0,8552	0,8528	0,8560	0,8510	0,41%
22.07.2018	0,8517	0,8528	0,8530	0,8514	-0,18%
20.07.2018	0,8532	0,8589	0,8602	0,8518	-0,66%
19.07.2018	0,8589	0,8592	0,8640	0,8563	-0,03%
18.07.2018	0,8592	0,8576	0,8620	0,8572	0,19%
17.07.2018	0,8576	0,8539	0,8586	0,8515	0,43%
16.07.2018	0,8539	0,8562	0,8566	0,8528	-0,28%
15.07.2018	0,8563	0,8554	0,8564	0,8553	0,05%
13.07.2018	0,8558	0,8569	0,8611	0,8555	-0,11%
12.07.2018	0,8567	0,8566	0,8585	0,8549	0,00%
11.07.2018	0,8567	0,8516	0,8573	0,8505	0,61%
10.07.2018	0,8515	0,8509	0,8555	0,8501	0,07%
09.07.2018	0,8509	0,8515	0,8526	0,8481	-0,01%
08.07.2018	0,8510	0,8515	0,8516	0,8507	-0,02%
06.07.2018	0,8512	0,8555	0,8563	0,8498	-0,49%
05.07.2018	0,8554	0,8579	0,8586	0,8531	-0,29%
04.07.2018	0,8579	0,8579	0,8599	0,8560	0,00%
03.07.2018	0,8579	0,8592	0,8607	0,8567	-0,14%
02.07.2018	0,8591	0,8583	0,8628	0,8547	0,33%
01.07.2018	0,8563	0,8569	0,8573	0,8555	0,06%
29.06.2018	0,8558	0,8643	0,8652	0,8553	-0,98%
28.06.2018	0,8643	0,8656	0,8677	0,8620	-0,15%
27.06.2018	0,8656	0,8586	0,8667	0,8568	0,82%
26.06.2018	0,8586	0,8545	0,8596	0,8532	0,48%
25.06.2018	0,8545	0,8580	0,8600	0,8538	-0,33%
24.06.2018	0,8574	0,8573	0,8576	0,8567	-0,06%
22.06.2018	0,8579	0,8619	0,8622	0,8566	-0,46%
21.06.2018	0,8619	0,8642	0,8690	0,8596	-0,25%
20.06.2018	0,8641	0,8629	0,8669	0,8619	0,14%
19.06.2018	0,8629	0,8606	0,8673	0,8588	0,30%
18.06.2018	0,8603	0,8613	0,8647	0,8601	-0,26%
17.06.2018	0,8625	0,8630	0,8630	0,8619	0,13%
15.06.2018	0,8614	0,8644	0,8664	0,8600	-0,34%
14.06.2018	0,8643	0,8481	0,8649	0,8438	1,91%
13.06.2018	0,8481	0,8515	0,8528	0,8473	-0,40%
12.06.2018	0,8515	0,8487	0,8524	0,8468	0,33%
11.06.2018	0,8487	0,8500	0,8509	0,8459	0,02%
10.06.2018	0,8485	0,8493	0,8496	0,8485	-0,15%
08.06.2018	0,8498	0,8475	0,8528	0,8467	0,26%
07.06.2018	0,8476	0,8495	0,8496	0,8446	-0,21%
06.06.2018	0,8494	0,8532	0,8539	0,8477	-0,47%
05.06.2018	0,8534	0,8547	0,8582	0,8523	-0,16%
04.06.2018	0,8548	0,8579	0,8581	0,8513	-0,26%
03.06.2018	0,8570	0,8576	0,8577	0,8570	-0,07%
01.06.2018	0,8576	0,8551	0,8607	0,8532	0,28%
31.05.2018	0,8552	0,8572	0,8591	0,8529	-0,27%
30.05.2018	0,8575	0,8667	0,8683	0,8563	-1,05%
29.05.2018	0,8666	0,8602	0,8689	0,8591	0,73%
28.05.2018	0,8603	0,8582	0,8616	0,8525	0,56%
27.05.2018	0,8555	0,8557	0,8564	0,8553	-0,31%
25.05.2018	0,8582	0,8532	0,8589	0,8522	0,59%
24.05.2018	0,8532	0,8548	0,8555	0,8508	-0,21%
23.05.2018	0,8550	0,8489	0,8566	0,8481	0,72%
22.05.2018	0,8489	0,8480	0,8506	0,8452	0,09%
21.05.2018	0,8481	0,8502	0,8536	0,8477	-0,12%
18.05.2018	0,8491	0,8479	0,8512	0,8459	0,15%
17.05.2018	0,8478	0,8469	0,8492	0,8448	0,11%
16.05.2018	0,8469	0,8447	0,8501	0,8435	0,25%
15.05.2018	0,8448	0,8384	0,8460	0,8376	0,75%
14.05.2018	0,8385	0,8371	0,8386	0,8337	0,14%
11.05.2018	0,8373	0,8394	0,8410	0,8356	-0,24%
10.05.2018	0,8393	0,8439	0,8445	0,8370	-0,53%
09.05.2018	0,8438	0,8427	0,8458	0,8405	0,12%
08.05.2018	0,8428	0,8387	0,8448	0,8377	0,49%
07.05.2018	0,8387	0,8367	0,8407	0,8348	0,31%
04.05.2018	0,8361	0,8341	0,8397	0,8337	0,24%
03.05.2018	0,8341	0,8367	0,8371	0,8327	-0,31%
02.05.2018	0,8367	0,8338	0,8378	0,8312	0,35%
01.05.2018	0,8338	0,8279	0,8346	0,8271	0,71%
30.04.2018	0,8279	0,8247	0,8289	0,8238	0,42%
27.04.2018	0,8244	0,8261	0,8296	0,8242	-0,23%
26.04.2018	0,8263	0,8224	0,8268	0,8189	0,49%
25.04.2018	0,8223	0,8175	0,8224	0,8170	0,59%
24.04.2018	0,8175	0,8190	0,8209	0,8166	-0,18%
23.04.2018	0,8190	0,8137	0,8198	0,8136	0,64%
20.04.2018	0,8138	0,8100	0,8164	0,8095	0,48%
19.04.2018	0,8099	0,8083	0,8112	0,8065	0,21%
18.04.2018	0,8082	0,8084	0,8103	0,8066	-0,02%
17.04.2018	0,8084	0,8076	0,8106	0,8054	0,07%
16.04.2018	0,8078	0,8111	0,8115	0,8067	-0,38%
13.04.2018	0,8109	0,8113	0,8126	0,8099	-0,05%
12.04.2018	0,8113	0,8086	0,8132	0,8077	0,33%
11.04.2018	0,8086	0,8094	0,8099	0,8066	-0,10%
10.04.2018	0,8094	0,8117	0,8128	0,8079	-0,27%
09.04.2018	0,8116	0,8144	0,8156	0,8109	-0,32%
06.04.2018	0,8142	0,8171	0,8187	0,8136	-0,34%
05.04.2018	0,8170	0,8145	0,8185	0,8136	0,31%
04.04.2018	0,8145	0,8149	0,8159	0,8121	-0,05%
03.04.2018	0,8149	0,8128	0,8161	0,8106	0,26%
02.04.2018	0,8128	0,8115	0,8143	0,8101	0,16%
30.03.2018	0,8115	0,8130	0,8135	0,8108	-0,17%
29.03.2018	0,8129	0,8125	0,8142	0,8106	0,05%
28.03.2018	0,8125	0,8063	0,8132	0,8051	0,77%
27.03.2018	0,8063	0,8036	0,8084	0,8015	0,32%
26.03.2018	0,8037	0,8098	0,8102	0,8023	-0,72%
23.03.2018	0,8095	0,8129	0,8131	0,8083	-0,41%
22.03.2018	0,8128	0,8105	0,8141	0,8073	0,28%
21.03.2018	0,8105	0,8169	0,8170	0,8097	-0,77%
20.03.2018	0,8168	0,8107	0,8172	0,8095	0,75%
19.03.2018	0,8107	0,8140	0,8158	0,8091	-0,37%
16.03.2018	0,8137	0,8127	0,8157	0,8106	0,12%
15.03.2018	0,8127	0,8085	0,8129	0,8074	0,51%
14.03.2018	0,8086	0,8071	0,8099	0,8056	0,19%
13.03.2018	0,8071	0,8107	0,8121	0,8060	-0,44%
12.03.2018	0,8107	0,8124	0,8137	0,8100	-0,22%
09.03.2018	0,8125	0,8123	0,8148	0,8107	0,04%
08.03.2018	0,8122	0,8056	0,8132	0,8034	0,81%
07.03.2018	0,8057	0,8063	0,8075	0,8036	-0,06%
06.03.2018	0,8062	0,8106	0,8111	0,8051	-0,54%
05.03.2018	0,8106	0,8114	0,8151	0,8085	-0,15%
02.03.2018	0,8118	0,8152	0,8163	0,8105	-0,42%
01.03.2018	0,8152	0,8199	0,8226	0,8147	-0,59%
28.02.2018	0,8200	0,8175	0,8206	0,8169	0,31%
27.02.2018	0,8175	0,8119	0,8184	0,8099	0,69%
26.02.2018	0,8119	0,8132	0,8145	0,8094	-0,20%
23.02.2018	0,8135	0,8111	0,8144	0,8105	0,31%
22.02.2018	0,8110	0,8141	0,8157	0,8095	-0,38%
21.02.2018	0,8141	0,8105	0,8144	0,8091	0,44%
20.02.2018	0,8105	0,8060	0,8118	0,8056	0,56%
19.02.2018	0,8060	0,8058	0,8085	0,8042	-0,01%
16.02.2018	0,8061	0,7996	0,8069	0,7965	0,81%
15.02.2018	0,7996	0,8032	0,8034	0,7993	-0,45%
14.02.2018	0,8032	0,8096	0,8146	0,8022	-0,79%
13.02.2018	0,8096	0,8135	0,8141	0,8083	-0,48%
12.02.2018	0,8135	0,8159	0,8174	0,8132	-0,48%
09.02.2018	0,8174	0,8166	0,8195	0,8138	0,11%
08.02.2018	0,8165	0,8155	0,8189	0,8134	0,13%
07.02.2018	0,8154	0,8081	0,8165	0,8060	0,93%
06.02.2018	0,8079	0,8085	0,8121	0,8042	-0,07%
05.02.2018	0,8085	0,8026	0,8088	0,8015	0,75%
02.02.2018	0,8025	0,7994	0,8058	0,7988	0,39%
01.02.2018	0,7994	0,8055	0,8075	0,7985	-0,71%
31.01.2018	0,8051	0,8063	0,8073	0,8016	-0,16%
30.01.2018	0,8064	0,8076	0,8107	0,8030	-0,15%
29.01.2018	0,8076	0,8047	0,8106	0,8040	0,31%
26.01.2018	0,8051	0,8067	0,8084	0,8004	-0,20%
25.01.2018	0,8067	0,8059	0,8088	0,7975	0,09%
24.01.2018	0,8060	0,8131	0,8135	0,8054	-0,87%
23.01.2018	0,8131	0,8155	0,8183	0,8126	-0,29%
22.01.2018	0,8155	0,8154	0,8188	0,8147	-0,33%
19.01.2018	0,8182	0,8172	0,8185	0,8132	0,13%
18.01.2018	0,8171	0,8206	0,8221	0,8153	-0,43%
17.01.2018	0,8206	0,8156	0,8213	0,8115	0,61%
16.01.2018	0,8156	0,8155	0,8200	0,8141	0,01%
15.01.2018	0,8155	0,8199	0,8206	0,8133	-0,62%
12.01.2018	0,8206	0,8312	0,8314	0,8205	-1,26%
11.01.2018	0,8311	0,8370	0,8383	0,8292	-0,70%
10.01.2018	0,8370	0,8378	0,8387	0,8320	-0,08%
09.01.2018	0,8377	0,8357	0,8393	0,8350	0,24%
08.01.2018	0,8357	0,8314	0,8366	0,8297	0,53%
05.01.2018	0,8313	0,8287	0,8320	0,8276	0,33%
04.01.2018	0,8286	0,8323	0,8330	0,8272	-0,44%
03.01.2018	0,8323	0,8293	0,8332	0,8286	0,36%
02.01.2018	0,8293	0,8326	0,8334	0,8276	-0,41%
01.01.2018	0,8327	0,8333	0,8337	0,8325	-0,10%
29.12.2017	0,8335	0,8374	0,8378	0,8314	-0,47%
28.12.2017	0,8374	0,8413	0,8413	0,8363	-0,44%
27.12.2017	0,8411	0,8434	0,8437	0,8397	-0,26%
26.12.2017	0,8433	0,8427	0,8441	0,8417	0,08%
25.12.2017	0,8426	0,8439	0,8444	0,8416	-0,08%
22.12.2017	0,8433	0,8423	0,8463	0,8420	0,13%
21.12.2017	0,8422	0,8422	0,8439	0,8409	-0,02%
20.12.2017	0,8424	0,8446	0,8455	0,8401	-0,26%
19.12.2017	0,8446	0,8488	0,8492	0,8439	-0,49%
18.12.2017	0,8488	0,8506	0,8519	0,8449	-0,24%
15.12.2017	0,8508	0,8490	0,8511	0,8467	0,21%
14.12.2017	0,8490	0,8456	0,8496	0,8428	0,40%
13.12.2017	0,8456	0,8517	0,8526	0,8451	-0,72%
12.12.2017	0,8517	0,8497	0,8536	0,8479	0,24%
11.12.2017	0,8497	0,8497	0,8502	0,8467	-0,04%
08.12.2017	0,8500	0,8494	0,8525	0,8489	0,07%
07.12.2017	0,8494	0,8477	0,8496	0,8464	0,19%
06.12.2017	0,8478	0,8457	0,8489	0,8440	0,26%
05.12.2017	0,8456	0,8427	0,8475	0,8419	0,34%
04.12.2017	0,8427	0,8417	0,8455	0,8410	0,21%
01.12.2017	0,8409	0,8400	0,8438	0,8376	0,11%
30.11.2017	0,8400	0,8441	0,8468	0,8380	-0,47%
29.11.2017	0,8440	0,8445	0,8462	0,8415	-0,06%
28.11.2017	0,8445	0,8404	0,8456	0,8389	0,48%
27.11.2017	0,8405	0,8381	0,8407	0,8360	0,27%
24.11.2017	0,8382	0,8436	0,8448	0,8371	-0,66%
23.11.2017	0,8438	0,8458	0,8466	0,8434	-0,24%
22.11.2017	0,8458	0,8519	0,8525	0,8456	-0,72%
21.11.2017	0,8519	0,8522	0,8538	0,8504	-0,06%
20.11.2017	0,8524	0,8480	0,8530	0,8468	0,54%
17.11.2017	0,8478	0,8497	0,8500	0,8458	-0,21%
16.11.2017	0,8496	0,8481	0,8507	0,8473	0,18%
15.11.2017	0,8481	0,8476	0,8486	0,8431	0,06%
14.11.2017	0,8476	0,8571	0,8576	0,8471	-1,11%
13.11.2017	0,8571	0,8571	0,8595	0,8566	-0,01%
10.11.2017	0,8572	0,8589	0,8606	0,8563	-0,21%
09.11.2017	0,8590	0,8624	0,8631	0,8579	-0,39%
08.11.2017	0,8624	0,8630	0,8637	0,8612	-0,08%
07.11.2017	0,8631	0,8613	0,8655	0,8608	0,21%
06.11.2017	0,8613	0,8612	0,8636	0,8601	-0,01%
03.11.2017	0,8614	0,8578	0,8622	0,8553	0,42%
02.11.2017	0,8578	0,8607	0,8611	0,8557	-0,34%
01.11.2017	0,8607	0,8587	0,8617	0,8579	0,23%
31.10.2017	0,8587	0,8583	0,8602	0,8576	0,06%
30.10.2017	0,8582	0,8619	0,8626	0,8578	-0,36%
27.10.2017	0,8613	0,8583	0,8640	0,8578	0,35%
26.10.2017	0,8583	0,8465	0,8590	0,8448	1,38%
25.10.2017	0,8466	0,8501	0,8508	0,8460	-0,42%
24.10.2017	0,8502	0,8511	0,8518	0,8479	-0,11%
23.10.2017	0,8511	0,8495	0,8529	0,8491	0,31%
20.10.2017	0,8485	0,8435	0,8501	0,8432	0,56%
19.10.2017	0,8438	0,8484	0,8498	0,8434	-0,54%
18.10.2017	0,8484	0,8498	0,8526	0,8470	-0,18%
17.10.2017	0,8499	0,8478	0,8521	0,8474	0,26%
16.10.2017	0,8477	0,8457	0,8489	0,8456	0,22%
13.10.2017	0,8458	0,8453	0,8471	0,8421	0,07%
12.10.2017	0,8452	0,8431	0,8456	0,8417	0,23%
11.10.2017	0,8433	0,8468	0,8478	0,8425	-0,44%
10.10.2017	0,8470	0,8516	0,8518	0,8455	-0,56%
09.10.2017	0,8518	0,8526	0,8535	0,8507	-0,05%
06.10.2017	0,8522	0,8538	0,8569	0,8518	-0,20%
05.10.2017	0,8539	0,8503	0,8548	0,8489	0,42%
04.10.2017	0,8503	0,8515	0,8522	0,8483	-0,14%
03.10.2017	0,8515	0,8523	0,8550	0,8494	-0,09%
02.10.2017	0,8523	0,8462	0,8525	0,8462	0,69%
29.09.2017	0,8465	0,8485	0,8496	0,8451	-0,24%
28.09.2017	0,8485	0,8516	0,8534	0,8471	-0,35%
27.09.2017	0,8515	0,8479	0,8535	0,8478	0,42%
26.09.2017	0,8479	0,8441	0,8506	0,8430	0,46%
25.09.2017	0,8440	0,8367	0,8452	0,8360	0,85%
22.09.2017	0,8369	0,8375	0,8378	0,8330	-0,06%
21.09.2017	0,8374	0,8409	0,8428	0,8366	-0,40%
20.09.2017	0,8408	0,8337	0,8431	0,8310	0,85%
19.09.2017	0,8337	0,8365	0,8369	0,8328	-0,35%
18.09.2017	0,8366	0,8369	0,8394	0,8355	-0,10%
15.09.2017	0,8374	0,8390	0,8404	0,8343	-0,19%
14.09.2017	0,8390	0,8414	0,8448	0,8387	-0,27%
13.09.2017	0,8413	0,8356	0,8423	0,8336	0,67%
12.09.2017	0,8357	0,8366	0,8385	0,8348	-0,12%
11.09.2017	0,8367	0,8306	0,8371	0,8306	0,70%
08.09.2017	0,8309	0,8317	0,8323	0,8269	-0,10%
07.09.2017	0,8317	0,8393	0,8395	0,8293	-0,88%
06.09.2017	0,8391	0,8394	0,8403	0,8368	-0,04%
05.09.2017	0,8394	0,8407	0,8427	0,8375	-0,14%
04.09.2017	0,8406	0,8432	0,8436	0,8387	-0,32%
01.09.2017	0,8433	0,8397	0,8439	0,8347	0,43%
31.08.2017	0,8397	0,8417	0,8458	0,8395	-0,21%
30.08.2017	0,8415	0,8353	0,8418	0,8345	0,74%
29.08.2017	0,8353	0,8347	0,8370	0,8285	0,06%
28.08.2017	0,8348	0,8385	0,8392	0,8344	-0,47%
25.08.2017	0,8387	0,8475	0,8494	0,8373	-1,05%
24.08.2017	0,8476	0,8469	0,8487	0,8458	0,08%
23.08.2017	0,8469	0,8502	0,8518	0,8458	-0,39%
22.08.2017	0,8502	0,8463	0,8515	0,8456	0,45%
21.08.2017	0,8464	0,8507	0,8525	0,8454	-0,45%
18.08.2017	0,8502	0,8530	0,8541	0,8493	-0,32%
17.08.2017	0,8529	0,8496	0,8575	0,8480	0,36%
16.08.2017	0,8498	0,8521	0,8562	0,8489	-0,27%
15.08.2017	0,8521	0,8489	0,8558	0,8479	0,38%
14.08.2017	0,8489	0,8467	0,8497	0,8445	0,34%
11.08.2017	0,8460	0,8493	0,8511	0,8440	-0,41%
10.08.2017	0,8495	0,8503	0,8545	0,8483	-0,12%
09.08.2017	0,8505	0,8510	0,8556	0,8498	-0,04%
08.08.2017	0,8508	0,8476	0,8537	0,8456	0,35%
07.08.2017	0,8478	0,8496	0,8500	0,8463	-0,20%
04.08.2017	0,8495	0,8422	0,8529	0,8410	0,83%
03.08.2017	0,8425	0,8434	0,8454	0,8407	-0,12%
02.08.2017	0,8435	0,8472	0,8480	0,8396	-0,46%
01.08.2017	0,8474	0,8443	0,8486	0,8440	0,34%
31.07.2017	0,8445	0,8518	0,8531	0,8440	-0,75%
28.07.2017	0,8509	0,8562	0,8569	0,8499	-0,64%
27.07.2017	0,8564	0,8521	0,8584	0,8490	0,49%
26.07.2017	0,8522	0,8581	0,8611	0,8516	-0,75%
25.07.2017	0,8586	0,8587	0,8599	0,8537	-0,05%
24.07.2017	0,8590	0,8575	0,8604	0,8557	0,17%
21.07.2017	0,8575	0,8596	0,8608	0,8558	-0,27%
20.07.2017	0,8598	0,8681	0,8714	0,8578	-0,99%
19.07.2017	0,8684	0,8654	0,8688	0,8650	0,34%
18.07.2017	0,8655	0,8710	0,8719	0,8632	-0,65%
17.07.2017	0,8712	0,8721	0,8745	0,8704	-0,09%
14.07.2017	0,8720	0,8772	0,8780	0,8715	-0,60%
13.07.2017	0,8773	0,8761	0,8797	0,8728	0,13%
12.07.2017	0,8762	0,8721	0,8780	0,8702	0,48%
11.07.2017	0,8720	0,8771	0,8787	0,8709	-0,59%
10.07.2017	0,8772	0,8776	0,8788	0,8757	0,01%
07.07.2017	0,8771	0,8754	0,8788	0,8739	0,19%
06.07.2017	0,8754	0,8807	0,8828	0,8750	-0,62%
05.07.2017	0,8809	0,8813	0,8841	0,8794	-0,06%
04.07.2017	0,8814	0,8797	0,8824	0,8788	0,17%
03.07.2017	0,8799	0,8754	0,8809	0,8749	0,54%
30.06.2017	0,8752	0,8740	0,8779	0,8735	0,14%
29.06.2017	0,8740	0,8787	0,8791	0,8735	-0,56%
28.06.2017	0,8789	0,8819	0,8858	0,8777	-0,35%
27.06.2017	0,8820	0,8941	0,8946	0,8809	-1,38%
26.06.2017	0,8943	0,8925	0,8953	0,8911	0,11%
23.06.2017	0,8933	0,8964	0,8973	0,8920	-0,38%
22.06.2017	0,8967	0,8951	0,8979	0,8945	0,15%
21.06.2017	0,8954	0,8981	0,8988	0,8949	-0,30%
20.06.2017	0,8981	0,8969	0,8995	0,8955	0,12%
19.06.2017	0,8970	0,8927	0,8974	0,8914	0,44%
16.06.2017	0,8931	0,8971	0,8978	0,8925	-0,46%
15.06.2017	0,8972	0,8912	0,8984	0,8904	0,65%
14.06.2017	0,8914	0,8918	0,8934	0,8851	-0,07%
13.06.2017	0,8920	0,8924	0,8941	0,8907	-0,08%
12.06.2017	0,8927	0,8931	0,8937	0,8902	-0,06%
09.06.2017	0,8932	0,8917	0,8958	0,8896	0,16%
08.06.2017	0,8918	0,8882	0,8933	0,8872	0,39%
07.06.2017	0,8883	0,8867	0,8927	0,8861	0,18%
06.06.2017	0,8867	0,8883	0,8898	0,8861	-0,20%
05.06.2017	0,8885	0,8864	0,8903	0,8859	0,25%
02.06.2017	0,8863	0,8917	0,8927	0,8859	-0,63%
01.06.2017	0,8919	0,8891	0,8928	0,8882	0,28%
31.05.2017	0,8894	0,8938	0,8959	0,8885	-0,51%
30.05.2017	0,8940	0,8953	0,9002	0,8923	-0,20%
29.05.2017	0,8958	0,8943	0,8961	0,8934	0,18%
26.05.2017	0,8942	0,8919	0,8961	0,8900	0,24%
25.05.2017	0,8921	0,8913	0,8934	0,8887	0,09%
24.05.2017	0,8913	0,8941	0,8954	0,8910	-0,32%
23.05.2017	0,8942	0,8897	0,8949	0,8873	0,48%
22.05.2017	0,8899	0,8925	0,8960	0,8876	-0,27%
19.05.2017	0,8923	0,9004	0,9013	0,8917	-0,92%
18.05.2017	0,9006	0,8960	0,9031	0,8949	0,49%
17.05.2017	0,8962	0,9022	0,9024	0,8957	-0,68%
16.05.2017	0,9023	0,9111	0,9113	0,9008	-0,98%
15.05.2017	0,9112	0,9150	0,9156	0,9098	-0,40%
12.05.2017	0,9149	0,9205	0,9214	0,9143	-0,62%
11.05.2017	0,9206	0,9199	0,9225	0,9179	0,04%
10.05.2017	0,9202	0,9195	0,9214	0,9173	0,07%
09.05.2017	0,9196	0,9152	0,9206	0,9144	0,46%
08.05.2017	0,9154	0,9089	0,9162	0,9068	0,67%
05.05.2017	0,9093	0,9098	0,9134	0,9088	-0,11%
04.05.2017	0,9103	0,9185	0,9195	0,9099	-0,90%
03.05.2017	0,9186	0,9148	0,9192	0,9142	0,40%
02.05.2017	0,9149	0,9174	0,9186	0,9144	-0,28%
01.05.2017	0,9175	0,9167	0,9188	0,9152	-0,02%
28.04.2017	0,9177	0,9193	0,9212	0,9133	-0,22%
27.04.2017	0,9197	0,9170	0,9216	0,9145	0,27%
26.04.2017	0,9172	0,9151	0,9212	0,9130	0,21%
25.04.2017	0,9153	0,9201	0,9215	0,9131	-0,53%
24.04.2017	0,9202	0,9152	0,9242	0,9142	-1,29%
21.04.2017	0,9322	0,9328	0,9363	0,9312	-0,10%
20.04.2017	0,9331	0,9333	0,9338	0,9276	-0,05%
19.04.2017	0,9336	0,9315	0,9347	0,9312	0,18%
18.04.2017	0,9319	0,9396	0,9402	0,9312	-0,81%
17.04.2017	0,9395	0,9419	0,9433	0,9369	-0,31%
14.04.2017	0,9424	0,9420	0,9430	0,9403	0,02%
13.04.2017	0,9422	0,9374	0,9425	0,9363	0,50%
12.04.2017	0,9375	0,9430	0,9445	0,9365	-0,60%
11.04.2017	0,9432	0,9435	0,9454	0,9406	-0,05%
10.04.2017	0,9437	0,9438	0,9463	0,9426	-0,06%
07.04.2017	0,9443	0,9393	0,9453	0,9373	0,51%
06.04.2017	0,9395	0,9377	0,9409	0,9358	0,19%
05.04.2017	0,9377	0,9366	0,9402	0,9354	0,09%
04.04.2017	0,9369	0,9369	0,9402	0,9362	-0,05%
03.04.2017	0,9374	0,9378	0,9397	0,9361	-0,14%
31.03.2017	0,9387	0,9368	0,9390	0,9342	0,21%
30.03.2017	0,9367	0,9287	0,9371	0,9282	0,85%
29.03.2017	0,9288	0,9246	0,9311	0,9234	0,43%
28.03.2017	0,9248	0,9203	0,9261	0,9195	0,48%
27.03.2017	0,9204	0,9262	0,9264	0,9168	-0,62%
24.03.2017	0,9261	0,9271	0,9295	0,9242	-0,14%
23.03.2017	0,9274	0,9261	0,9288	0,9253	0,13%
22.03.2017	0,9262	0,9249	0,9281	0,9236	0,13%
21.03.2017	0,9250	0,9309	0,9331	0,9241	-0,67%
20.03.2017	0,9312	0,9312	0,9326	0,9277	-0,01%
17.03.2017	0,9313	0,9286	0,9323	0,9272	0,27%
16.03.2017	0,9288	0,9314	0,9342	0,9282	-0,30%
15.03.2017	0,9316	0,9429	0,9432	0,9308	-1,22%
14.03.2017	0,9431	0,9386	0,9435	0,9376	0,48%
13.03.2017	0,9386	0,9367	0,9387	0,9332	0,16%
10.03.2017	0,9371	0,9452	0,9460	0,9344	-0,89%
09.03.2017	0,9455	0,9486	0,9503	0,9419	-0,34%
08.03.2017	0,9487	0,9463	0,9494	0,9455	0,24%
07.03.2017	0,9464	0,9449	0,9473	0,9430	0,15%
06.03.2017	0,9450	0,9417	0,9459	0,9396	0,38%
03.03.2017	0,9414	0,9517	0,9524	0,9410	-1,08%
02.03.2017	0,9517	0,9481	0,9527	0,9473	0,38%
01.03.2017	0,9481	0,9453	0,9511	0,9441	0,27%
28.02.2017	0,9455	0,9444	0,9462	0,9406	0,10%
27.02.2017	0,9446	0,9465	0,9478	0,9405	-0,22%
24.02.2017	0,9467	0,9448	0,9474	0,9416	0,18%
23.02.2017	0,9450	0,9469	0,9491	0,9437	-0,24%
22.02.2017	0,9473	0,9489	0,9530	0,9454	-0,18%
21.02.2017	0,9490	0,9417	0,9501	0,9416	0,72%
20.02.2017	0,9422	0,9418	0,9434	0,9402	0,00%
17.02.2017	0,9422	0,9368	0,9432	0,9364	0,57%
16.02.2017	0,9369	0,9430	0,9444	0,9362	-0,68%
15.02.2017	0,9433	0,9451	0,9507	0,9424	-0,22%
14.02.2017	0,9454	0,9434	0,9469	0,9402	0,20%
13.02.2017	0,9435	0,9399	0,9443	0,9380	0,40%
10.02.2017	0,9397	0,9384	0,9429	0,9372	0,13%
09.02.2017	0,9385	0,9344	0,9391	0,9335	0,42%
08.02.2017	0,9346	0,9362	0,9401	0,9332	-0,16%
07.02.2017	0,9361	0,9301	0,9385	0,9299	0,63%
06.02.2017	0,9302	0,9271	0,9342	0,9253	0,31%
03.02.2017	0,9273	0,9294	0,9337	0,9258	-0,24%
02.02.2017	0,9295	0,9286	0,9297	0,9233	0,10%
01.02.2017	0,9286	0,9261	0,9319	0,9250	0,27%
31.01.2017	0,9261	0,9345	0,9361	0,9247	-0,96%
30.01.2017	0,9351	0,9352	0,9418	0,9308	0,05%
27.01.2017	0,9346	0,9359	0,9387	0,9322	-0,16%
26.01.2017	0,9361	0,9305	0,9385	0,9287	0,61%
25.01.2017	0,9304	0,9317	0,9338	0,9283	-0,16%
24.01.2017	0,9319	0,9288	0,9328	0,9277	0,31%
23.01.2017	0,9290	0,9352	0,9358	0,9283	-0,58%
20.01.2017	0,9344	0,9375	0,9415	0,9335	-0,35%
19.01.2017	0,9377	0,9406	0,9444	0,9364	-0,31%
18.01.2017	0,9406	0,9334	0,9409	0,9329	0,77%
17.01.2017	0,9334	0,9433	0,9438	0,9327	-1,04%
16.01.2017	0,9432	0,9416	0,9455	0,9399	0,39%
13.01.2017	0,9395	0,9422	0,9440	0,9368	-0,30%
12.01.2017	0,9423	0,9448	0,9462	0,9357	-0,28%
11.01.2017	0,9449	0,9474	0,9566	0,9411	-0,26%
10.01.2017	0,9474	0,9454	0,9480	0,9408	0,18%
09.01.2017	0,9457	0,9487	0,9516	0,9447	-0,39%
06.01.2017	0,9494	0,9424	0,9504	0,9413	0,71%
05.01.2017	0,9427	0,9530	0,9545	0,9418	-1,12%
04.01.2017	0,9534	0,9607	0,9627	0,9522	-0,79%
03.01.2017	0,9610	0,9565	0,9671	0,9530	0,52%
02.01.2017	0,9560	0,9494	0,9570	0,9487	0,54%
30.12.2016	0,9509	0,9530	0,9543	0,9383	-0,24%
29.12.2016	0,9532	0,9601	0,9608	0,9526	-0,75%
28.12.2016	0,9604	0,9561	0,9643	0,9540	0,43%
27.12.2016	0,9563	0,9562	0,9587	0,9555	-0,01%
26.12.2016	0,9564	0,9565	0,9583	0,9547	0,00%
23.12.2016	0,9564	0,9580	0,9593	0,9550	-0,19%
22.12.2016	0,9582	0,9590	0,9594	0,9522	-0,11%
21.12.2016	0,9593	0,9625	0,9633	0,9567	-0,35%
20.12.2016	0,9627	0,9610	0,9663	0,9597	0,14%
19.12.2016	0,9614	0,9568	0,9623	0,9540	0,48%
16.12.2016	0,9568	0,9598	0,9617	0,9546	-0,36%
15.12.2016	0,9603	0,9490	0,9647	0,9481	1,19%
14.12.2016	0,9490	0,9409	0,9528	0,9370	0,85%
13.12.2016	0,9410	0,9401	0,9432	0,9373	0,06%
