Oct 30, 2018	0.013632	0.014372	0.012644	0.013271	3,860	1,697,405
Oct 29, 2018	0.016047	0.016257	0.013474	0.013630	3,461	1,998,114
Oct 28, 2018	0.015701	0.016179	0.014835	0.016054	1,262	1,955,088
Oct 27, 2018	0.014463	0.015899	0.013859	0.015379	1,664	1,800,892
Oct 26, 2018	0.014854	0.015048	0.013918	0.014517	3,244	1,849,555
Oct 25, 2018	0.014818	0.015663	0.013646	0.014873	1,486	1,845,173
Oct 24, 2018	0.023033	0.023033	0.014052	0.014807	12,432	2,868,064
Oct 23, 2018	0.023264	0.035065	0.019390	0.023034	4,547	2,896,808
Oct 22, 2018	0.014986	0.030884	0.014051	0.023819	2,573	1,865,999
Oct 21, 2018	0.026391	0.026418	0.014153	0.014993	1,816	3,286,118
Oct 20, 2018	0.014579	0.027674	0.014544	0.026342	1,850	1,815,316
Oct 19, 2018	0.014803	0.016922	0.014022	0.014584	4,726	1,843,252
Oct 18, 2018	0.014707	0.015112	0.014288	0.014805	692	1,831,302
Oct 17, 2018	0.015338	0.015374	0.014611	0.014650	1,917	1,909,910
Oct 16, 2018	0.042233	0.045097	0.014448	0.015286	3,350	5,258,841
Oct 15, 2018	0.016039	0.067928	0.015865	0.042328	2,191	1,997,111
Oct 14, 2018	0.016016	0.016330	0.015705	0.016022	600	1,994,342
Oct 13, 2018	0.016593	0.016638	0.015680	0.016012	4,594	2,066,111
Oct 12, 2018	0.015204	0.018626	0.014000	0.016592	29,987	1,893,177
Oct 11, 2018	0.017102	0.017119	0.013971	0.015286	90,673	2,129,556
Oct 10, 2018	0.017352	0.017647	0.017004	0.017160	989	2,160,624
Oct 09, 2018	0.018160	0.018183	0.017143	0.017420	1,680	2,261,220
Oct 08, 2018	0.017652	0.018354	0.017572	0.018097	730	2,197,957
Oct 07, 2018	0.018940	0.019114	0.017573	0.017573	1,349	2,358,395
Oct 06, 2018	0.017666	0.018908	0.017341	0.018885	599	2,199,783
Oct 05, 2018	0.019545	0.019758	0.017290	0.017627	1,096	2,433,766
Oct 04, 2018	0.017356	0.021829	0.017192	0.019509	783	2,161,198
Oct 03, 2018	0.017096	0.017614	0.016333	0.017529	2,537	2,128,787
Oct 02, 2018	0.019267	0.020746	0.016601	0.017088	3,681	2,399,105
Oct 01, 2018	0.018099	0.020317	0.017684	0.019315	4,491	2,253,714
Sep 30, 2018	0.025755	0.036543	0.017155	0.018153	1,129	3,206,922
Sep 29, 2018	0.022618	0.029852	0.021433	0.025732	824	2,816,419
Sep 28, 2018	0.017931	0.024247	0.017812	0.022621	2,304	2,232,685
Sep 27, 2018	0.047919	0.053949	0.017505	0.017927	2,240	5,966,798
Sep 26, 2018	0.017161	0.049032	0.017139	0.047835	1,242	2,136,808
Sep 25, 2018	0.017787	0.017878	0.016889	0.017188	1,192	2,214,851
Sep 24, 2018	0.026877	0.028761	0.017457	0.017807	905	3,346,668
Sep 23, 2018	0.018275	0.041183	0.018178	0.026878	4,542	2,275,541
Sep 22, 2018	0.019136	0.019500	0.017922	0.018266	4,160	2,382,765
Sep 21, 2018	0.019472	0.020169	0.017904	0.019121	10,499	2,424,608
Sep 20, 2018	0.022071	0.022529	0.017487	0.019485	27,690	2,748,229
Sep 19, 2018	0.020430	0.024473	0.019048	0.022061	30,135	2,543,962
Sep 18, 2018	0.020663	0.021120	0.019525	0.020419	3,822	2,572,911
Sep 17, 2018	0.022181	0.022919	0.019554	0.020661	19,500	2,761,991
Sep 16, 2018	0.023362	0.025604	0.021768	0.022115	16,064	2,908,981
Sep 15, 2018	0.017720	0.029481	0.017684	0.023244	50,219	2,206,507
Sep 14, 2018	0.018625	0.019549	0.015372	0.017743	4,620	2,319,181
Sep 13, 2018	0.018202	0.019241	0.016439	0.018636	1,176	2,266,516
Sep 12, 2018	0.018244	0.019005	0.016426	0.018187	1,289	2,271,766
Sep 11, 2018	0.018644	0.019462	0.016484	0.018491	2,096	2,321,569
Sep 10, 2018	0.017146	0.021313	0.016420	0.018614	7,851	2,134,969
Sep 09, 2018	0.018086	0.018282	0.015924	0.017156	3,591	2,252,034
Sep 08, 2018	0.022241	0.023619	0.011002	0.018094	15,894	2,769,424
Sep 07, 2018	0.023233	0.024001	0.021664	0.022232	2,068	2,892,881
Sep 06, 2018	0.024572	0.024598	0.022359	0.023253	3,397	3,059,729
Sep 05, 2018	0.028941	0.029762	0.024709	0.024716	3,112	3,603,670
Sep 04, 2018	0.028637	0.029917	0.028275	0.029145	2,468	3,565,888
Sep 03, 2018	0.029311	0.030646	0.028072	0.028635	2,539	3,649,811
Sep 02, 2018	0.028609	0.030505	0.027706	0.029318	6,852	3,562,311
Sep 01, 2018	0.029791	0.029913	0.027183	0.028596	3,802	3,709,555
Aug 31, 2018	0.028385	0.029964	0.025825	0.029827	8,228	3,534,471
Aug 30, 2018	0.029990	0.030018	0.026956	0.028359	2,253	3,734,334
Aug 29, 2018	0.029881	0.030433	0.028939	0.029973	2,796	3,720,778
Aug 28, 2018	0.028154	0.031217	0.028154	0.030054	3,210	3,505,661
Aug 27, 2018	0.028906	0.030049	0.028164	0.028208	3,378	3,599,352
Aug 26, 2018	0.029405	0.030562	0.028173	0.028911	1,266	3,661,479
Aug 25, 2018	0.028212	0.031370	0.028212	0.029343	1,975	3,512,938
Aug 24, 2018	0.031564	0.036102	0.027353	0.028263	14,177	3,930,249
Aug 23, 2018	0.025263	0.033465	0.025222	0.031484	3,599	3,145,662
Aug 22, 2018	0.031441	0.033380	0.024467	0.025256	6,139	3,914,943
Aug 21, 2018	0.029539	0.031704	0.029484	0.031430	881	3,678,173
Aug 20, 2018	0.032408	0.033160	0.029964	0.030025	1,373	4,035,356
Aug 19, 2018	0.033206	0.033587	0.031171	0.032453	1,228	4,134,820
Aug 18, 2018	0.034182	0.034875	0.031764	0.033221	1,619	4,256,321
Aug 17, 2018	0.032346	0.034893	0.030640	0.034099	3,657	4,027,662
Aug 16, 2018	0.030562	0.035219	0.028762	0.032343	5,941	3,805,596
Aug 15, 2018	0.028965	0.032199	0.027792	0.030606	3,014	3,606,628
Aug 14, 2018	0.037891	0.037891	0.026057	0.028988	5,700	4,718,138
Aug 13, 2018	0.037393	0.038055	0.033128	0.037922	8,492	4,656,126
Aug 12, 2018	0.036555	0.039238	0.036210	0.037405	1,261	4,551,792
Aug 11, 2018	0.036590	0.038179	0.035875	0.036665	560	4,556,103
Aug 10, 2018	0.044674	0.044848	0.036154	0.036624	6,287	5,562,691
Aug 09, 2018	0.040800	0.051503	0.039611	0.044784	3,322	5,080,310
Aug 08, 2018	0.046220	0.046220	0.039942	0.040707	6,807	5,755,255
Aug 07, 2018	0.051211	0.052028	0.046112	0.046169	5,227	6,376,786
Aug 06, 2018	0.055168	0.055168	0.050690	0.051232	5,240	6,869,493
Aug 05, 2018	0.054029	0.055781	0.052272	0.055102	6,856	6,727,568
Aug 04, 2018	0.064015	0.068780	0.053786	0.054004	2,753	7,971,126
Aug 03, 2018	0.065171	0.067184	0.059261	0.063951	10,202	8,115,060
Aug 02, 2018	0.057857	0.073336	0.053086	0.065179	68,951	7,204,249
Aug 01, 2018	0.059810	0.064424	0.049431	0.057857	43,378	7,447,519
Jul 31, 2018	0.055229	0.062833	0.049926	0.059777	51,257	6,877,062
Jul 30, 2018	0.055028	0.059431	0.046276	0.055331	64,176	6,852,050
Jul 29, 2018	0.049132	0.057887	0.048623	0.054994	10,064	6,117,925
Jul 28, 2018	0.051380	0.053029	0.047705	0.048941	1,449	6,397,781
Jul 27, 2018	0.050708	0.052731	0.044922	0.052226	4,529	6,314,129
Jul 26, 2018	0.050004	0.054920	0.045590	0.050884	16,254	6,226,480
Jul 25, 2018	0.050987	0.052037	0.048290	0.050023	4,875	6,348,870
Jul 24, 2018	0.050742	0.056674	0.048566	0.051840	5,619	6,318,388
Jul 23, 2018	0.048989	0.053855	0.046739	0.050432	4,580	6,100,031
Jul 22, 2018	0.048665	0.051926	0.046981	0.049045	4,102	6,059,762
Jul 21, 2018	0.078024	0.078635	0.046840	0.047966	22,884	9,715,487
Jul 20, 2018	0.121365	0.127961	0.074543	0.078259	8,805	15,112,236
Jul 19, 2018	0.042627	0.165593	0.039876	0.120857	8,645	5,307,905
Jul 18, 2018	0.042030	0.045398	0.040763	0.042653	8,006	5,233,467
Jul 17, 2018	0.041307	0.045505	0.039479	0.042049	11,316	5,143,452
Jul 16, 2018	0.037950	0.041614	0.037950	0.041391	5,611	4,725,504
Jul 15, 2018	0.037672	0.038946	0.037672	0.038162	1,282	4,690,913
Jul 14, 2018	0.035303	0.038654	0.034457	0.037682	7,143	4,395,916
Jul 13, 2018	0.034701	0.037425	0.032878	0.035402	10,735	4,320,893
Jul 12, 2018	0.034778	0.035834	0.031820	0.034667	19,187	4,330,531
Jul 11, 2018	0.035284	0.035991	0.033757	0.034786	3,148	4,393,512
Jul 10, 2018	0.037951	0.037987	0.033517	0.035283	6,606	4,725,567
Jul 09, 2018	0.037190	0.038388	0.036212	0.037696	2,421	4,630,908
Jul 08, 2018	0.038418	0.038495	0.037171	0.037198	1,044	4,783,730
Jul 07, 2018	0.037951	0.039650	0.035990	0.038461	2,736	4,725,555
Jul 06, 2018	0.037795	0.038301	0.036432	0.038015	1,976	4,706,254
Jul 05, 2018	0.039148	0.039982	0.036868	0.037802	1,186	4,874,641
Jul 04, 2018	0.038698	0.039890	0.036822	0.039065	1,592	4,818,694
Jul 03, 2018	0.037397	0.041736	0.037397	0.038713	5,399	4,656,596
Jul 02, 2018	0.036152	0.041309	0.034829	0.037571	5,417	4,501,570
Jul 01, 2018	0.036506	0.037298	0.034700	0.036147	1,981	4,545,649
Jun 30, 2018	0.033096	0.037360	0.033094	0.036507	3,207	4,121,115
Jun 29, 2018	0.032127	0.032918	0.029776	0.032649	4,807	4,000,381
Jun 28, 2018	0.035517	0.037556	0.031192	0.032132	3,811	4,422,563
Jun 27, 2018	0.036954	0.037444	0.034545	0.035526	1,621	4,601,424
Jun 26, 2018	0.037824	0.039508	0.036919	0.037314	885	4,709,809
Jun 25, 2018	0.040158	0.041841	0.037824	0.037824	2,077	5,000,401
Jun 24, 2018	0.038016	0.041781	0.030577	0.040235	7,690	4,733,755
Jun 23, 2018	0.038146	0.039688	0.036845	0.038015	2,301	4,749,929
Jun 22, 2018	0.044277	0.046065	0.036610	0.038141	5,654	5,513,352
Jun 21, 2018	0.044992	0.047373	0.041885	0.044324	8,891	5,602,402
Jun 20, 2018	0.043853	0.045896	0.039771	0.044983	8,991	5,460,550
Jun 19, 2018	0.041428	0.044643	0.040431	0.043826	7,366	5,158,531
Jun 18, 2018	0.040681	0.043653	0.039126	0.041539	3,420	5,065,575
Jun 17, 2018	0.041010	0.042401	0.038892	0.040820	1,820	5,106,473
Jun 16, 2018	0.040736	0.041465	0.038848	0.040905	2,600	5,072,446
Jun 15, 2018	0.043177	0.045104	0.039821	0.040885	2,434	5,376,322
Jun 14, 2018	0.038158	0.044422	0.038142	0.043246	5,404	4,751,382
Jun 13, 2018	0.044885	0.046514	0.037045	0.038175	23,930	5,588,985
Jun 12, 2018	0.048530	0.049317	0.044420	0.044420	4,088	6,042,924
Jun 11, 2018	0.050356	0.051595	0.045675	0.048556	7,391	6,270,246
Jun 10, 2018	0.057739	0.057739	0.048192	0.050284	10,761	7,189,531
Jun 09, 2018	0.059141	0.060581	0.057546	0.057669	6,379	7,364,193
Jun 08, 2018	0.061249	0.061445	0.057610	0.059167	8,677	7,626,621
Jun 07, 2018	0.061838	0.064329	0.059971	0.061202	18,218	7,700,037
Jun 06, 2018	0.061168	0.062221	0.058716	0.061782	10,274	7,616,622
Jun 05, 2018	0.059563	0.062651	0.057842	0.061173	12,453	7,416,700
Jun 04, 2018	0.061711	0.063510	0.058923	0.059751	18,564	7,684,137
Jun 03, 2018	0.060647	0.062921	0.059587	0.061324	7,384	7,551,740
Jun 02, 2018	0.061232	0.062158	0.059380	0.060630	19,713	7,624,601
Jun 01, 2018	0.061875	0.063130	0.059883	0.061259	6,544	7,704,558
May 31, 2018	0.062075	0.063336	0.060496	0.062556	20,190	7,729,465
May 30, 2018	0.066054	0.067997	0.060464	0.062086	28,903	8,224,988
May 29, 2018	0.059088	0.067742	0.057507	0.066010	52,713	7,357,639
May 28, 2018	0.059202	0.074304	0.056451	0.059108	217,480	7,371,725
May 27, 2018	0.055365	0.061275	0.054244	0.058530	143,652	6,894,029
May 26, 2018	0.057393	0.058164	0.054937	0.055341	16,041	7,146,535
May 25, 2018	0.057899	0.058665	0.055755	0.057468	22,187	7,209,534
May 24, 2018	0.059120	0.062079	0.056490	0.057904	13,249	7,361,527
May 23, 2018	0.063199	0.063382	0.057742	0.059321	7,100	7,869,473
May 22, 2018	0.067763	0.067815	0.062908	0.063265	11,080	8,437,723
May 21, 2018	0.070125	0.070416	0.066322	0.067854	19,916	8,731,835
May 20, 2018	0.068948	0.070573	0.067388	0.070037	11,748	8,585,279
May 19, 2018	0.068048	0.071262	0.067076	0.068896	12,878	8,473,224
May 18, 2018	0.067832	0.069523	0.065580	0.068058	12,890	8,446,372
May 17, 2018	0.067197	0.071049	0.064957	0.067851	21,843	8,367,247
May 16, 2018	0.068847	0.068903	0.063842	0.067156	12,233	8,572,747
May 15, 2018	0.072305	0.072960	0.067913	0.068887	19,786	9,003,372
May 14, 2018	0.074924	0.075186	0.069869	0.072430	14,477	9,329,450
May 13, 2018	0.073763	0.078180	0.071031	0.074938	9,629	9,184,923
May 12, 2018	0.072635	0.075366	0.070232	0.073789	9,725	9,044,362
May 11, 2018	0.079467	0.080185	0.070410	0.072849	38,528	9,895,173
May 10, 2018	0.081785	0.085283	0.078317	0.079372	17,112	10,183,784
May 09, 2018	0.084126	0.085167	0.078001	0.082810	40,729	10,475,314
May 08, 2018	0.088699	0.089465	0.082563	0.084265	10,809	11,044,650
May 07, 2018	0.092482	0.092530	0.085629	0.088511	16,213	11,515,784
May 06, 2018	0.097619	0.099192	0.091218	0.092416	11,246	12,155,425
May 05, 2018	0.096905	0.100495	0.093609	0.097553	25,628	12,066,542
May 04, 2018	0.096110	0.102066	0.094291	0.097236	34,743	11,967,564
May 03, 2018	0.097632	0.097770	0.090549	0.095858	106,736	12,156,978
May 02, 2018	0.098710	0.100126	0.093318	0.097628	45,920	12,291,269
May 01, 2018	0.099071	0.099071	0.094825	0.098859	9,484	12,336,248
Apr 30, 2018	0.103305	0.104840	0.098048	0.098375	22,040	12,863,438
Apr 29, 2018	0.102815	0.105760	0.098218	0.103345	19,381	12,802,368
Apr 28, 2018	0.098731	0.106395	0.096507	0.099336	31,547	12,293,870
Apr 27, 2018	0.103576	0.103725	0.095794	0.099184	31,424	12,897,172
Apr 26, 2018	0.100716	0.102807	0.092274	0.101682	73,910	12,541,065
Apr 25, 2018	0.108416	0.108750	0.093335	0.099890	49,184	13,499,807
Apr 24, 2018	0.106728	0.111989	0.103782	0.109157	57,177	13,289,712
Apr 23, 2018	0.109298	0.119907	0.104663	0.106638	103,460	13,609,695
Apr 22, 2018	0.105455	0.118155	0.099227	0.108908	133,950	13,131,153
Apr 21, 2018	0.095936	0.106798	0.093169	0.105322	74,608	11,945,895
Apr 20, 2018	0.091097	0.097925	0.085737	0.095903	42,562	11,343,269
Apr 19, 2018	0.089694	0.097925	0.086216	0.091037	145,612	11,168,534
Apr 18, 2018	0.078200	0.089627	0.077245	0.089627	48,627	9,737,380
Apr 17, 2018	0.080514	0.083471	0.077104	0.078131	27,841	10,025,540
Apr 16, 2018	0.084455	0.084927	0.075648	0.080472	26,485	10,516,304
Apr 15, 2018	0.076316	0.086687	0.076316	0.084460	35,537	9,502,830
Apr 14, 2018	0.074034	0.077808	0.072036	0.076235	12,007	9,218,617
Apr 13, 2018	0.079008	0.079978	0.073797	0.074031	17,048	9,837,992
Apr 12, 2018	0.064006	0.079282	0.061032	0.078908	56,418	7,969,976
Apr 11, 2018	0.064208	0.064866	0.060745	0.064100	30,630	7,995,086
Apr 10, 2018	0.062453	0.065835	0.059744	0.064401	16,586	7,776,575
Apr 09, 2018	0.063007	0.067864	0.059925	0.061892	7,258	7,845,517
Apr 08, 2018	0.061426	0.062899	0.059004	0.062896	9,000	7,648,726
Apr 07, 2018	0.056455	0.062275	0.056271	0.061409	9,960	7,029,766
Apr 06, 2018	0.068724	0.070433	0.052276	0.056215	24,370	8,557,483
Apr 05, 2018	0.062104	0.080348	0.058582	0.069090	12,244	7,733,096
Apr 04, 2018	0.065476	0.087863	0.059204	0.062135	17,153	8,152,957
Apr 03, 2018	0.058041	0.066000	0.057867	0.065534	18,918	7,227,195
Apr 02, 2018	0.058579	0.062303	0.056855	0.058151	10,249	7,294,203
Apr 01, 2018	0.056543	0.060941	0.052949	0.059270	7,133	7,040,677
Mar 31, 2018	0.054356	0.063405	0.052815	0.056557	28,244	6,768,383
Mar 30, 2018	0.053475	0.055623	0.049878	0.054500	4,724	6,658,583
Mar 29, 2018	0.064646	0.065166	0.052326	0.053728	23,821	8,049,639
Mar 28, 2018	0.060282	0.080766	0.058499	0.064565	50,917	7,506,201
Mar 27, 2018	0.061117	0.064484	0.057731	0.060716	9,281	7,610,253
Mar 26, 2018	0.070317	0.071832	0.059957	0.064045	13,990	8,755,761
Mar 25, 2018	0.068721	0.074721	0.068721	0.070611	9,622	8,557,024
Mar 24, 2018	0.073379	0.083357	0.069680	0.069680	28,151	9,137,062
Mar 23, 2018	0.069859	0.089638	0.063860	0.071806	62,448	8,698,781
Mar 22, 2018	0.069504	0.072572	0.067009	0.069969	13,321	8,654,620
Mar 21, 2018	0.071385	0.073520	0.068490	0.069625	7,133	8,888,822
Mar 20, 2018	0.065612	0.071222	0.063157	0.071021	22,440	8,169,895
Mar 19, 2018	0.064727	0.067694	0.057827	0.064872	71,918	8,059,727
Mar 18, 2018	0.068120	0.068120	0.053120	0.065003	20,487	8,482,218
Mar 17, 2018	0.073397	0.075569	0.064089	0.068207	20,729	9,139,270
Mar 16, 2018	0.079019	0.080356	0.073282	0.073282	16,856	9,839,296
Mar 15, 2018	0.084898	0.085434	0.072880	0.079020	57,026	10,571,456
Mar 14, 2018	0.098166	0.100278	0.083250	0.084969	15,018	12,223,507
Mar 13, 2018	0.097730	0.102924	0.091258	0.098314	20,522	12,169,176
Mar 12, 2018	0.102878	0.107955	0.095137	0.098567	15,505	12,810,242
Mar 11, 2018	0.099072	0.107014	0.094052	0.104165	10,417	12,336,293
Mar 10, 2018	0.101114	0.114043	0.097124	0.099528	28,126	12,590,602
Mar 09, 2018	0.107049	0.108416	0.088563	0.100941	29,508	13,329,603
Mar 08, 2018	0.111172	0.119176	0.104206	0.107772	49,691	13,842,968
Mar 07, 2018	0.128683	0.131759	0.109011	0.111939	25,668	16,023,416
Mar 06, 2018	0.145900	0.147521	0.127310	0.128017	24,307	18,167,338
Mar 05, 2018	0.149941	0.151874	0.142668	0.145244	25,295	18,670,474
Mar 04, 2018	0.153466	0.156442	0.145615	0.150026	18,169	19,109,446
Mar 03, 2018	0.136034	0.164478	0.136034	0.153774	41,187	16,938,782
Mar 02, 2018	0.138786	0.150709	0.132868	0.136202	57,327	17,281,430
Mar 01, 2018	0.133067	0.140836	0.127946	0.139154	107,885	16,569,340
Feb 28, 2018	0.141815	0.146755	0.133004	0.133004	36,011	17,658,602
Feb 27, 2018	0.143489	0.149106	0.140761	0.141824	19,413	17,867,062
Feb 26, 2018	0.139620	0.148706	0.136328	0.143461	16,564	17,385,382
Feb 25, 2018	0.146020	0.149064	0.135976	0.139454	19,174	18,182,214
Feb 24, 2018	0.149613	0.159444	0.141334	0.145850	8,557	18,629,624
Feb 23, 2018	0.145777	0.160394	0.141883	0.149069	18,827	18,151,942
Feb 22, 2018	0.168959	0.173212	0.145916	0.145916	62,870	21,038,574
Feb 21, 2018	0.185345	0.189050	0.165048	0.167022	20,692	23,078,988
Feb 20, 2018	0.204429	0.216181	0.183658	0.185326	52,539	25,455,294
Feb 19, 2018	0.173383	0.226019	0.169475	0.204263	193,425	21,589,462
Feb 18, 2018	0.181789	0.194033	0.166620	0.174037	49,300	22,636,170
Feb 17, 2018	0.162748	0.182600	0.161091	0.180938	44,967	20,265,158
Feb 16, 2018	0.168982	0.171647	0.153073	0.163198	31,814	21,041,428
Feb 15, 2018	0.163285	0.187639	0.155713	0.169518	149,639	20,332,038
Feb 14, 2018	0.151269	0.167959	0.147342	0.167564	73,989	18,835,828
Feb 13, 2018	0.163043	0.198000	0.146694	0.150010	231,168	20,301,956
Feb 12, 2018	0.138624	0.195993	0.133084	0.168457	413,986	17,261,280
Feb 11, 2018	0.156412	0.156412	0.132781	0.139730	36,694	19,476,274
Feb 10, 2018	0.149989	0.156174	0.135703	0.155936	33,752	18,676,444
Feb 09, 2018	0.137098	0.153647	0.125897	0.150090	86,271	17,071,316
Feb 08, 2018	0.116157	0.138368	0.114441	0.136523	24,661	14,463,710
Feb 07, 2018	0.120822	0.141704	0.114546	0.116775	43,345	15,044,607
Feb 06, 2018	0.108111	0.122431	0.087501	0.120020	56,291	13,461,874
Feb 05, 2018	0.145252	0.150943	0.099799	0.108057	89,886	18,086,578
Feb 04, 2018	0.200859	0.202768	0.136628	0.146637	169,519	25,010,728
Feb 03, 2018	0.199841	0.213131	0.179740	0.201491	49,735	24,883,970
Feb 02, 2018	0.184208	0.202611	0.156275	0.199116	57,171	22,937,358
Feb 01, 2018	0.208920	0.240117	0.176280	0.184435	94,882	26,014,446
Jan 31, 2018	0.233242	0.234929	0.201162	0.208724	120,566	29,043,010
Jan 30, 2018	0.287189	0.651738	0.232282	0.232969	107,695	35,760,396
Jan 29, 2018	0.290584	0.295525	0.259430	0.287364	136,798	36,183,212
Jan 28, 2018	0.298415	0.319440	0.277427	0.291018	256,757	37,158,268
Jan 27, 2018	0.282269	0.312729	0.274321	0.296901	69,291	35,147,840
Jan 26, 2018	0.305112	0.337624	0.265510	0.282437	233,594	37,992,240
Jan 25, 2018	0.253532	0.307068	0.250440	0.307068	217,805	31,569,492
Jan 24, 2018	0.240886	0.260098	0.234976	0.249973	79,529	29,994,848
Jan 23, 2018	0.236135	0.260876	0.219864	0.240995	54,473	29,403,232
Jan 22, 2018	0.264745	0.282739	0.216365	0.236340	92,901	32,965,716
Jan 21, 2018	0.336286	0.336286	0.251222	0.261223	191,698	41,873,980
Jan 20, 2018	0.313885	0.339947	0.307089	0.336089	123,452	39,084,648
Jan 19, 2018	0.325541	0.336706	0.298643	0.310556	81,525	40,535,944
Jan 18, 2018	0.295760	0.358337	0.282529	0.329636	166,287	36,827,684
Jan 17, 2018	0.283171	0.300287	0.229870	0.294466	98,296	35,260,108
Jan 16, 2018	0.447554	0.447554	0.250724	0.280832	272,454	55,728,892
Jan 15, 2018	0.423317	0.469921	0.419687	0.449537	297,287	52,710,996
Jan 14, 2018	0.433085	0.475443	0.405699	0.425776	910,826	53,927,288
Jan 13, 2018	0.403189	0.666224	0.403189	0.434030	174,183	50,204,604
Jan 12, 2018	0.369574	0.406904	0.351664	0.402654	224,354	46,018,968
Jan 11, 2018	0.444693	0.444693	0.351179	0.367156	173,777	55,372,708
Jan 10, 2018	0.452637	0.458667	0.400089	0.450391	277,048	56,361,912
Jan 09, 2018	0.428388	0.491931	0.423626	0.451985	334,311	53,342,420
Jan 08, 2018	0.479579	0.493758	0.392721	0.431866	245,993	59,716,684
Jan 07, 2018	0.430812	0.501217	0.428645	0.482480	977,325	53,644,288
Jan 06, 2018	0.439148	0.473560	0.389512	0.431135	434,143	54,682,240
Jan 05, 2018	0.371777	0.449825	0.357712	0.437302	244,879	46,293,240
Jan 04, 2018	0.348172	0.394936	0.333488	0.366689	304,682	43,354,052
Jan 03, 2018	0.337289	0.352504	0.323488	0.350793	121,390	41,998,820
Jan 02, 2018	0.328828	0.356316	0.315564	0.338527	249,780	40,945,300
Jan 01, 2018	0.325677	0.337597	0.298856	0.332728	190,859	40,552,960
Dec 31, 2017	0.286581	0.334352	0.282347	0.328924	123,296	35,684,756
Dec 30, 2017	0.320455	0.326309	0.260586	0.289678	221,158	39,902,728
Dec 29, 2017	0.365016	0.385788	0.312819	0.321024	303,351	45,451,396
Dec 28, 2017	0.319774	0.360426	0.274835	0.360426	411,519	39,817,920
Dec 27, 2017	0.295417	0.336506	0.279941	0.320467	239,052	36,785,016
Dec 26, 2017	0.302476	0.362081	0.257619	0.292396	755,566	37,663,920
Dec 25, 2017	0.266213	0.305741	0.247000	0.302785	243,619	33,148,540
Dec 24, 2017	0.240935	0.262215	0.223105	0.262179	221,375	30,000,974
Dec 23, 2017	0.214837	0.274701	0.205981	0.240366	166,949	26,751,244
Dec 22, 2017	0.231422	0.240099	0.165994	0.212945	209,903	28,816,446
Dec 21, 2017	0.227354	0.319395	0.220838	0.230768	946,012	28,309,904
Dec 20, 2017	0.232619	0.238271	0.202751	0.226626	97,860	28,965,490
Dec 19, 2017	0.248145	0.269881	0.225801	0.232853	283,426	30,898,750
Dec 18, 2017	0.242532	0.287167	0.226324	0.247845	481,738	30,199,764
Dec 17, 2017	0.217068	0.244460	0.213316	0.241943	175,903	27,029,010
Dec 16, 2017	0.194166	0.225275	0.193429	0.220650	161,657	24,177,376
Dec 15, 2017	0.196330	0.207694	0.191701	0.193866	109,024	24,446,826
Dec 14, 2017	0.198284	0.206240	0.192489	0.196103	112,472	24,690,144
Dec 13, 2017	0.200628	0.212155	0.191113	0.198878	127,634	24,982,022
Dec 12, 2017	0.217203	0.229300	0.199120	0.200249	421,610	27,045,872
Dec 11, 2017	0.190818	0.396154	0.190818	0.218183	3,161,280	23,760,472
Dec 10, 2017	0.180434	0.194118	0.159985	0.192123	58,955	22,467,498
Dec 09, 2017	0.190127	0.202107	0.167870	0.179707	68,138	23,674,350
Dec 08, 2017	0.194695	0.196208	0.150038	0.190337	47,273	24,243,156
Dec 07, 2017	0.174110	0.202624	0.167309	0.194017	104,836	21,680,016
Dec 06, 2017	0.159844	0.182374	0.156529	0.173090	110,216	19,903,580
Dec 05, 2017	0.154122	0.166064	0.150062	0.160158	36,727	19,191,038
Dec 04, 2017	0.143260	0.158979	0.133772	0.153137	94,752	17,838,540
Dec 03, 2017	0.130619	0.156465	0.112942	0.142805	198,550	16,264,482
Dec 02, 2017	0.131928	0.136922	0.124315	0.130458	28,359	16,427,556
Dec 01, 2017	0.116644	0.140546	0.112713	0.132050	42,256	14,524,322
Nov 30, 2017	0.117124	0.130654	0.106771	0.117167	20,584	14,584,155
Nov 29, 2017	0.143125	0.144320	0.111658	0.115322	87,410	17,821,714
Nov 28, 2017	0.135937	0.142795	0.128080	0.142648	86,632	16,926,718
Nov 27, 2017	0.122034	0.139542	0.118766	0.135763	95,356	15,195,484
Nov 26, 2017	0.117539	0.123666	0.109523	0.121707	39,246	14,635,862
Nov 25, 2017	0.110925	0.118687	0.107343	0.117591	70,321	13,812,286
Nov 24, 2017	0.112660	0.116886	0.109245	0.111125	23,089	14,028,252
Nov 23, 2017	0.114948	0.122556	0.112435	0.113295	52,776	14,313,139
Nov 22, 2017	0.109196	0.121472	0.106408	0.115021	52,204	13,596,993
Nov 21, 2017	0.106228	0.117769	0.099171	0.109062	59,807	13,227,361
Nov 20, 2017	0.111228	0.121156	0.105459	0.106171	48,646	13,849,927
Nov 19, 2017	0.115975	0.118612	0.108877	0.111303	33,734	14,441,053
Nov 18, 2017	0.116049	0.117689	0.109179	0.116173	21,885	14,450,246
Nov 17, 2017	0.118533	0.127927	0.110487	0.116594	73,154	14,759,561
Nov 16, 2017	0.115369	0.121795	0.111364	0.118675	16,482	14,365,646
Nov 15, 2017	0.110212	0.115314	0.108399	0.114723	37,041	13,723,455
Nov 14, 2017	0.106249	0.110212	0.103840	0.110139	31,854	13,229,974
Nov 13, 2017	0.091474	0.108378	0.091303	0.105883	30,028	11,390,195
Nov 12, 2017	0.109988	0.109988	0.088133	0.093514	87,463	13,695,640
Nov 11, 2017	0.108314	0.159584	0.105908	0.108165	703,378	13,487,174
Nov 10, 2017	0.125707	0.132652	0.107264	0.108646	77,355	15,652,917
Nov 09, 2017	0.123341	0.128141	0.115681	0.127017	74,199	15,358,246
Nov 08, 2017	0.113739	0.123961	0.113195	0.123395	32,936	14,162,613
Nov 07, 2017	0.110116	0.119311	0.110116	0.114916	35,413	13,711,529
Nov 06, 2017	0.119554	0.121340	0.109914	0.113064	40,619	14,886,686
Nov 05, 2017	0.125933	0.134560	0.115381	0.119193	77,226	15,681,022
Nov 04, 2017	0.114105	0.164367	0.112309	0.126105	455,942	14,208,262
Nov 03, 2017	0.117081	0.120541	0.112953	0.114432	31,502	14,578,825
Nov 02, 2017	0.120145	0.133980	0.111592	0.117328	189,556	14,960,337
Nov 01, 2017	0.106691	0.122183	0.102449	0.121958	78,632	13,285,074
Oct 31, 2017	0.103131	0.107908	0.100414	0.106810	43,748	12,841,792
Oct 30, 2017	0.101373	0.112682	0.100116	0.103481	70,820	12,622,850
Oct 29, 2017	0.092823	0.109721	0.092732	0.101950	160,408	11,558,164
Oct 28, 2017	0.098209	0.099514	0.089710	0.094867	25,869	12,228,932
Oct 27, 2017	0.101671	0.103072	0.095996	0.097882	18,123	12,660,013
Oct 26, 2017	0.097693	0.106817	0.095197	0.101700	44,885	12,164,576
Oct 25, 2017	0.101954	0.103894	0.094102	0.097845	26,041	12,695,257
Oct 24, 2017	0.093729	0.107963	0.091345	0.102447	46,421	11,671,025
Oct 23, 2017	0.108875	0.110719	0.097688	0.098365	24,126	13,556,956
Oct 22, 2017	0.111379	0.111822	0.105108	0.109028	33,808	13,868,760
Oct 21, 2017	0.108551	0.116750	0.106679	0.111359	40,854	13,516,648
Oct 20, 2017	0.106405	0.117596	0.106405	0.108774	35,021	13,249,449
Oct 19, 2017	0.113374	0.121502	0.105632	0.106385	23,330	14,117,213
Oct 18, 2017	0.106286	0.115685	0.101355	0.110947	47,903	13,234,557
Oct 17, 2017	0.111815	0.112345	0.102514	0.106279	22,133	13,923,043
Oct 16, 2017	0.103096	0.126736	0.096993	0.111250	103,558	12,837,363
Oct 15, 2017	0.101158	0.169950	0.090394	0.103048	557,224	12,596,034
Oct 14, 2017	0.099928	0.102572	0.092522	0.101100	31,038	12,442,988
Oct 13, 2017	0.131782	0.155965	0.094888	0.101641	266,796	16,409,337
Oct 12, 2017	0.097454	0.139163	0.092974	0.130746	255,312	12,134,811
Oct 11, 2017	0.087654	0.094830	0.083133	0.092232	20,632	10,914,586
Oct 10, 2017	0.085196	0.092512	0.082991	0.088516	16,205	10,608,513
Oct 09, 2017	0.095777	0.095777	0.082584	0.084994	26,516	11,926,024
Oct 08, 2017	0.100194	0.102080	0.094949	0.095694	14,716	12,476,036
Oct 07, 2017	0.101356	0.103056	0.097093	0.100131	13,145	12,620,782
Oct 06, 2017	0.104156	0.106661	0.100111	0.101539	8,287	12,969,443
Oct 05, 2017	0.095837	0.108837	0.094545	0.104015	36,949	11,933,570
Oct 04, 2017	0.100309	0.103474	0.094728	0.095747	55,563	12,490,354
Oct 03, 2017	0.100658	0.112084	0.097244	0.098557	40,022	12,533,860
Oct 02, 2017	0.111470	0.118820	0.100124	0.101476	34,830	13,880,144
Oct 01, 2017	0.108533	0.115191	0.103297	0.111519	18,999	13,514,425
Sep 30, 2017	0.108455	0.115267	0.103769	0.108475	36,264	13,504,663
Sep 29, 2017	0.103132	0.109450	0.093807	0.108381	42,091	12,841,906
Sep 28, 2017	0.104437	0.106134	0.099952	0.103424	24,683	13,004,337
Sep 27, 2017	0.098682	0.106512	0.097504	0.104158	30,113	12,287,800
Sep 26, 2017	0.095102	0.102241	0.093958	0.099113	24,213	11,842,050
Sep 25, 2017	0.095787	0.117307	0.092077	0.095092	56,223	11,927,253
Sep 24, 2017	0.096684	0.097791	0.091428	0.096105	11,632	12,039,031
Sep 23, 2017	0.093906	0.104238	0.089593	0.096228	56,666	11,693,065
Sep 22, 2017	0.098630	0.102942	0.090818	0.094173	14,077	12,281,285
Sep 21, 2017	0.112529	0.117854	0.097887	0.098991	21,528	14,012,010
Sep 20, 2017	0.108689	0.125445	0.105838	0.113220	26,352	13,533,775
Sep 19, 2017	0.109642	0.122008	0.106642	0.108800	51,342	13,652,534
Sep 18, 2017	0.090982	0.116903	0.090331	0.110946	76,309	11,329,015
Sep 17, 2017	0.090552	0.093008	0.080761	0.091165	12,991	11,275,389
Sep 16, 2017	0.090389	0.094159	0.082131	0.090466	9,076	11,255,083
Sep 15, 2017	0.081953	0.092851	0.066652	0.090722	41,385	10,204,663
Sep 14, 2017	0.101124	0.103810	0.081080	0.081744	9,565	12,591,843
Sep 13, 2017	0.122798	0.123245	0.094122	0.101194	65,322	15,290,689
Sep 12, 2017	0.118781	0.128783	0.114501	0.120939	30,289	14,790,455
Sep 11, 2017	0.121504	0.122204	0.106554	0.118819	37,000	15,129,515
Sep 10, 2017	0.120958	0.124105	0.116006	0.120712	6,919	15,061,561
Sep 09, 2017	0.125043	0.127206	0.117782	0.124552	21,680	15,570,248
Sep 08, 2017	0.135341	0.137436	0.118826	0.124535	12,681	16,852,534
Sep 07, 2017	0.137837	0.140921	0.132035	0.135734	13,198	17,163,284
Sep 06, 2017	0.134321	0.148815	0.133023	0.138763	24,578	16,725,508
Sep 05, 2017	0.125705	0.138676	0.115918	0.134169	13,778	15,652,620
Sep 04, 2017	0.138802	0.142306	0.119722	0.124332	24,013	17,283,478
Sep 03, 2017	0.148197	0.154292	0.133515	0.138926	37,613	18,453,300
Sep 02, 2017	0.166066	0.169690	0.144964	0.148726	15,579	20,678,302
Sep 01, 2017	0.157692	0.170226	0.154807	0.167754	17,167	19,635,600
Aug 31, 2017	0.154928	0.164139	0.150319	0.159206	21,406	19,291,410
Aug 30, 2017	0.155290	0.161931	0.147728	0.155405	33,807	19,336,586
Aug 29, 2017	0.153209	0.158597	0.147109	0.155259	47,403	19,077,428
Aug 28, 2017	0.164518	0.164518	0.144565	0.150915	67,220	20,485,630
Aug 27, 2017	0.171283	0.173989	0.163380	0.164691	16,515	21,327,970
Aug 26, 2017	0.177560	0.178350	0.164085	0.171321	22,214	22,109,552
Aug 25, 2017	0.169310	0.189135	0.164395	0.177219	59,046	21,082,290
Aug 24, 2017	0.159721	0.174174	0.157254	0.170231	16,879	19,888,298
Aug 23, 2017	0.165922	0.173844	0.156841	0.159619	42,914	20,660,480
Aug 22, 2017	0.159793	0.169553	0.142410	0.166265	19,027	19,897,272
Aug 21, 2017	0.155689	0.165814	0.143033	0.157311	25,185	19,386,230
Aug 20, 2017	0.184193	0.184193	0.151921	0.156114	41,461	22,935,454
Aug 19, 2017	0.137979	0.185853	0.132997	0.185395	113,055	17,181,054
Aug 18, 2017	0.133021	0.145004	0.121226	0.137971	56,344	16,563,570
Aug 17, 2017	0.134333	0.148606	0.123969	0.134976	44,398	16,727,035
Aug 16, 2017	0.129275	0.144906	0.124622	0.134458	58,213	16,097,240
Aug 15, 2017	0.146034	0.154391	0.122780	0.129027	76,623	18,184,032
Aug 14, 2017	0.124620	0.205403	0.123333	0.145213	195,253	15,517,542
Aug 13, 2017	0.143058	0.153192	0.113413	0.125054	75,028	17,813,460
Aug 12, 2017	0.141945	0.144239	0.128746	0.143407	26,461	17,674,806
Aug 11, 2017	0.136784	0.142579	0.133408	0.142264	27,291	17,032,152
Aug 10, 2017	0.134623	0.142431	0.130343	0.133957	20,061	16,763,074
Aug 09, 2017	0.137199	0.158933	0.130473	0.134709	52,117	17,083,886
Aug 08, 2017	0.131342	0.143123	0.125712	0.137776	18,114	16,354,611
Aug 07, 2017	0.120755	0.131845	0.116120	0.131227	28,775	15,036,238
Aug 06, 2017	0.119718	0.126233	0.117757	0.122576	15,553	14,907,117
Aug 05, 2017	0.119896	0.132262	0.118169	0.119372	28,810	14,929,351
Aug 04, 2017	0.119884	0.126054	0.113727	0.119873	15,746	14,927,868
Aug 03, 2017	0.129768	0.129868	0.103237	0.119908	136,770	16,158,597
Aug 02, 2017	0.122344	0.140289	0.100426	0.124257	129,331	15,234,195
Aug 01, 2017	0.111343	0.142953	0.097924	0.122382	52,088	13,864,316
Jul 31, 2017	0.112056	0.112056	0.093180	0.110968	19,490	13,953,050
Jul 30, 2017	0.120292	0.120862	0.101922	0.111750	55,885	14,978,622
Jul 29, 2017	0.130022	0.130369	0.116312	0.120929	7,607	16,190,200
Jul 28, 2017	0.138074	0.145018	0.126999	0.130495	58,336	17,192,830
Jul 27, 2017	0.133534	0.143810	0.132577	0.137658	35,715	16,627,532
Jul 26, 2017	0.138625	0.143150	0.128016	0.133483	17,124	17,261,480
Jul 25, 2017	0.156614	0.156614	0.131020	0.138688	51,896	19,501,460
Jul 24, 2017	0.138370	0.164526	0.129965	0.157096	80,062	17,229,720
Jul 23, 2017	0.137497	0.159228	0.126362	0.135232	150,346	17,121,012
Jul 22, 2017	0.131767	0.142493	0.130739	0.135688	7,146	16,407,454
Jul 21, 2017	0.133392	0.138181	0.124611	0.132290	16,705	16,609,764
Jul 20, 2017	0.108138	0.137274	0.108138	0.132410	15,481	13,465,252
Jul 19, 2017	0.108574	0.119639	0.104593	0.108845	13,712	13,519,568
Jul 18, 2017	0.102722	0.116310	0.100020	0.108402	8,938	12,790,782
Jul 17, 2017	0.082987	0.104843	0.081872	0.102696	28,462	10,333,438
Jul 16, 2017	0.095285	0.095880	0.077516	0.082816	13,651	11,864,816
Jul 15, 2017	0.107908	0.112888	0.093238	0.093891	23,663	13,436,608
Jul 14, 2017	0.109101	0.117950	0.097348	0.108424	49,764	13,585,138
Jul 13, 2017	0.118917	0.120311	0.101853	0.108221	13,837	14,807,355
Jul 12, 2017	0.098188	0.131353	0.091132	0.119068	37,900	12,225,408
Jul 11, 2017	0.119179	0.120357	0.092987	0.098364	40,784	14,834,433
Jul 10, 2017	0.139955	0.141974	0.116620	0.118932	104,267	17,415,544
Jul 09, 2017	0.126547	0.141592	0.106476	0.139346	64,967	15,742,343
Jul 08, 2017	0.134383	0.145156	0.124833	0.126545	27,141	16,712,084
Jul 07, 2017	0.135050	0.147545	0.124536	0.134477	88,989	16,790,114
Jul 06, 2017	0.141190	0.172299	0.131583	0.135244	317,046	17,548,196
Jul 05, 2017	0.100411	0.160668	0.092068	0.152821	284,685	12,476,306
Jul 04, 2017	0.099387	0.103728	0.092326	0.100927	36,499	12,345,551
Jul 03, 2017	0.091802	0.099638	0.090181	0.099214	13,047	11,399,765
Jul 02, 2017	0.089359	0.092627	0.087689	0.090386	19,225	11,093,191
Jul 01, 2017	0.100420	0.102618	0.088741	0.089165	22,722	12,462,503
Jun 30, 2017	0.103389	0.108980	0.098794	0.100566	32,744	12,827,739
Jun 29, 2017	0.105226	0.107534	0.096216	0.103183	31,685	13,051,801
Jun 28, 2017	0.102048	0.108292	0.096212	0.103570	43,811	12,654,036
Jun 27, 2017	0.097941	0.102722	0.089623	0.101329	21,233	12,141,005
Jun 26, 2017	0.109291	0.114206	0.089474	0.094434	36,498	13,544,123
Jun 25, 2017	0.120723	0.126688	0.106759	0.109785	32,026	14,956,523
Jun 24, 2017	0.120285	0.128179	0.109546	0.120992	109,536	14,897,350
Jun 23, 2017	0.099957	0.122025	0.098787	0.120558	42,250	12,376,031
Jun 22, 2017	0.101364	0.109256	0.093733	0.100275	35,499	12,546,962
Jun 21, 2017	0.105724	0.108765	0.101978	0.102832	22,300	13,082,400
Jun 20, 2017	0.115207	0.119230	0.101760	0.106145	37,324	14,252,300
Jun 19, 2017	0.115826	0.149531	0.108651	0.115445	29,813	14,324,400
Jun 18, 2017	0.117451	0.121116	0.109087	0.115603	20,187	14,521,000
Jun 17, 2017	0.106149	0.122307	0.103207	0.117232	40,222	13,119,900
Jun 16, 2017	0.103921	0.122037	0.097491	0.105868	43,350	12,840,200
Jun 15, 2017	0.114199	0.114199	0.085938	0.103852	35,044	14,106,000
Jun 14, 2017	0.133494	0.141254	0.101170	0.113808	33,423	16,484,800
Jun 13, 2017	0.133990	0.140656	0.123297	0.130962	34,706	16,541,100
Jun 12, 2017	0.165813	0.165813	0.125931	0.134895	27,428	20,464,200
Jun 11, 2017	0.126083	0.184434	0.126024	0.165816	80,657	15,556,400
Jun 10, 2017	0.144200	0.148233	0.121447	0.126809	25,270	17,786,100
Jun 09, 2017	0.149321	0.167831	0.136299	0.143769	56,968	18,413,000
Jun 08, 2017	0.137909	0.165319	0.134025	0.149825	51,171	17,000,700
Jun 07, 2017	0.176801	0.177249	0.136841	0.136841	71,420	21,788,900
Jun 06, 2017	0.186805	0.195104	0.149960	0.176617	135,417	23,015,000
Jun 05, 2017	0.136480	0.186225	0.127442	0.186225	175,714	16,809,700
Jun 04, 2017	0.121256	0.136995	0.108747	0.136593	104,906	14,930,100
Jun 03, 2017	0.107463	0.122758	0.099560	0.122218	33,953	13,227,800
Jun 02, 2017	0.096392	0.111137	0.090583	0.111137	51,498	11,861,500
Jun 01, 2017	0.080825	0.097670	0.075673	0.097670	32,623	9,943,380
May 31, 2017	0.070483	0.083846	0.070483	0.080621	38,152	8,668,420
May 30, 2017	0.065204	0.088335	0.063456	0.070389	32,955	8,016,770
May 29, 2017	0.059803	0.069997	0.059803	0.065132	10,248	7,350,490
May 28, 2017	0.051088	0.079957	0.051088	0.059907	37,911	6,277,370
May 27, 2017	0.057879	0.059692	0.042368	0.050799	28,285	7,109,540
May 26, 2017	0.060129	0.072377	0.054410	0.057813	12,398	7,383,660
May 25, 2017	0.088102	0.088313	0.055334	0.060558	44,741	10,815,400
May 24, 2017	0.083198	0.089621	0.074074	0.088268	30,835	10,210,700
May 23, 2017	0.058549	0.090589	0.053416	0.083186	65,164	7,183,740
May 22, 2017	0.064852	0.068893	0.053933	0.058635	52,206	7,954,700
May 21, 2017	0.060889	0.091070	0.057515	0.064792	108,624	7,466,100
May 20, 2017	0.041184	0.067889	0.041042	0.060910	76,100	5,048,570
May 19, 2017	0.032991	0.043483	0.032782	0.041229	34,040	4,043,100
May 18, 2017	0.030164	0.035026	0.029221	0.032991	21,633	3,695,480
May 17, 2017	0.031266	0.036203	0.029006	0.030180	24,394	3,829,330
May 16, 2017	0.028497	0.032017	0.025485	0.031118	24,734	3,489,090
May 15, 2017	0.028694	0.030924	0.025594	0.028539	16,632	3,512,260
May 14, 2017	0.025619	0.029819	0.024977	0.028678	8,436	3,134,820
May 13, 2017	0.025357	0.026572	0.022282	0.026571	3,367	3,101,750
May 12, 2017	0.026952	0.027973	0.023110	0.025409	9,141	3,295,790
May 11, 2017	0.027462	0.029478	0.025458	0.026925	14,322	3,357,040
May 10, 2017	0.026214	0.036428	0.025945	0.027412	20,644	3,203,590
May 09, 2017	0.031004	0.031517	0.025942	0.026196	13,661	3,787,830
May 08, 2017	0.025368	0.030199	0.025071	0.027856	16,834	3,098,210
May 07, 2017	0.024398	0.028220	0.023566	0.025365	12,424	2,978,720
May 06, 2017	0.024241	0.025952	0.023283	0.024388	5,496	2,958,550
May 05, 2017	0.024926	0.028157	0.024220	0.024220	6,100	3,041,220
May 04, 2017	0.025367	0.027710	0.024089	0.024874	2,688	3,094,130
May 03, 2017	0.025515	0.027435	0.023708	0.025356	4,183	3,111,130
May 02, 2017	0.025423	0.027689	0.024503	0.025498	4,687	3,099,010
May 01, 2017	0.026744	0.027500	0.024378	0.025433	4,986	3,258,900
Apr 30, 2017	0.025293	0.026736	0.023763	0.026735	3,748	3,081,110
Apr 29, 2017	0.025509	0.026510	0.024691	0.025292	3,079	3,106,640
Apr 28, 2017	0.026879	0.027709	0.024640	0.025483	9,824	3,272,420
Apr 27, 2017	0.026527	0.028972	0.025220	0.026879	3,895	3,228,740
Apr 26, 2017	0.029066	0.032186	0.025425	0.025425	6,427	3,536,510
Apr 25, 2017	0.029380	0.031449	0.027095	0.029054	4,955	3,573,670
Apr 24, 2017	0.022530	0.040329	0.020818	0.028233	35,652	2,739,640
Apr 23, 2017	0.024734	0.024971	0.021253	0.022485	1,032	3,006,610
Apr 22, 2017	0.024779	0.024939	0.020773	0.024729	3,341	3,011,320
Apr 21, 2017	0.028954	0.029427	0.019464	0.024113	21,268	3,517,180
Apr 20, 2017	0.036997	0.037027	0.021009	0.028505	26,426	4,492,790
Apr 19, 2017	0.027123	0.038732	0.024180	0.036130	34,621	3,292,590
Apr 18, 2017	0.032771	0.033991	0.024601	0.027113	12,619	3,976,720
Apr 17, 2017	0.026602	0.034981	0.023613	0.032775	17,638	3,227,210
Apr 16, 2017	0.022301	0.026692	0.021326	0.026595	6,171	2,704,450
Apr 15, 2017	0.022450	0.023766	0.020082	0.022299	3,298	2,721,800
Apr 14, 2017	0.022682	0.022842	0.019650	0.022454	3,232	2,749,090
Apr 13, 2017	0.019268	0.022725	0.018320	0.022661	6,854	2,334,550
Apr 12, 2017	0.019375	0.021598	0.019195	0.019257	1,415	2,346,820
Apr 11, 2017	0.019610	0.021997	0.018747	0.019378	2,106	2,374,620
Apr 10, 2017	0.020209	0.021803	0.018753	0.019605	1,859	2,446,290
Apr 09, 2017	0.021861	0.024538	0.020219	0.020219	4,856	2,645,170
Apr 08, 2017	0.023057	0.024915	0.021419	0.021896	4,092	2,788,800
Apr 07, 2017	0.021232	0.025644	0.018395	0.023141	4,172	2,567,220
Apr 06, 2017	0.018969	0.022118	0.018282	0.021300	5,783	2,292,850
Apr 05, 2017	0.016124	0.021246	0.015859	0.018952	4,669	1,948,350
Apr 04, 2017	0.014068	0.018012	0.014062	0.016111	5,708	1,699,280
Apr 03, 2017	0.013083	0.014922	0.012729	0.014047	2,389	1,579,700
Apr 02, 2017	0.013325	0.013896	0.012305	0.013074	2,059	1,608,230
Apr 01, 2017	0.013192	0.013880	0.012939	0.013324	899	1,591,670
Mar 31, 2017	0.014919	0.015130	0.012886	0.013193	2,673	1,799,420
Mar 30, 2017	0.015010	0.015133	0.013198	0.014189	3,781	1,809,420
Mar 29, 2017	0.015059	0.015469	0.014126	0.014967	1,216	1,814,760
Mar 28, 2017	0.013476	0.015970	0.013384	0.015075	974	1,622,920
Mar 27, 2017	0.014091	0.014782	0.013097	0.013492	2,979	1,695,930
Mar 26, 2017	0.013083	0.016025	0.012205	0.014014	5,448	1,573,570
Mar 25, 2017	0.012138	0.021040	0.010782	0.013066	13,308	554,995
Mar 24, 2017	0.015311	0.016322	0.012109	0.012150	2,702	1,839,650
Mar 23, 2017	0.014747	0.015450	0.013112	0.015313	2,201	1,770,830
Mar 22, 2017	0.016010	0.016153	0.014236	0.014735	1,780	1,921,410
Mar 21, 2017	0.021129	0.021252	0.013149	0.016008	3,114	2,534,240
Mar 20, 2017	0.019428	0.022685	0.017521	0.021107	3,200	2,328,680
Mar 19, 2017	0.011033	0.025357	0.010823	0.019419	4,388	1,321,390
Mar 18, 2017	0.010724	0.012296	0.009488	0.011000	1,386	1,283,800
Mar 17, 2017	0.010752	0.010752	0.009132	0.010732	1,079	1,286,240
Mar 16, 2017	0.011895	0.011938	0.009747	0.010844	597	1,422,340
Mar 15, 2017	0.012855	0.013907	0.010249	0.011878	1,114	1,536,220
Mar 14, 2017	0.009801	0.013036	0.008916	0.012854	799	1,170,740
Mar 13, 2017	0.013464	0.013500	0.008787	0.009799	777	1,607,430
Mar 12, 2017	0.013607	0.014935	0.012245	0.013460	1,167	1,623,800
Mar 11, 2017	0.016922	0.017551	0.013296	0.013600	662	2,018,340
Mar 10, 2017	0.019408	0.020256	0.014254	0.015982	343	2,230,270
Mar 09, 2017	0.020769	0.020769	0.016449	0.019394	2,208	2,475,000
Mar 08, 2017	0.022172	0.022297	0.019455	0.020763	1,269	2,633,570
Mar 07, 2017	0.022946	0.024885	0.021437	0.022178	1,004	2,725,430
Mar 06, 2017	0.023818	0.027085	0.022937	0.022939	893	2,829,000
Mar 05, 2017	0.025083	0.026225	0.022397	0.023811	759	2,979,300
Mar 04, 2017	0.024636	0.027761	0.024584	0.025100	464	2,926,170
Mar 03, 2017	0.024684	0.026804	0.022714	0.024589	36	2,931,850
Mar 02, 2017	0.027641	0.028220	0.024624	0.024689	269	3,283,160
Mar 01, 2017	0.026203	0.027682	0.026033	0.027592	603	3,100,960
Feb 28, 2017	0.026981	0.029014	0.025982	0.026201	856	3,168,770
Feb 27, 2017	0.026100	0.031680	0.025195	0.026964	3,409	3,042,460
Feb 26, 2017	0.029402	0.029417	0.024031	0.026132	1,729	3,402,090
Feb 25, 2017	0.032683	0.034759	0.026164	0.029391	914	3,753,420
Feb 24, 2017	0.036257	0.037226	0.024516	0.032775	1,272	4,132,370
Feb 23, 2017	0.033913	0.037062	0.033913	0.036072	349	3,835,120
Feb 22, 2017	0.033407	0.037991	0.032858	0.033918	776	3,749,110
Feb 21, 2017	0.038449	0.038449	0.032984	0.033422	603	4,281,770
Feb 20, 2017	0.051301	0.051317	0.036804	0.038474	1,694	5,668,240
Feb 19, 2017	0.027386	0.051261	0.026961	0.051261	2,559	3,002,230
Feb 18, 2017	0.032977	0.040522	0.025270	0.027377	4,154	3,586,460
Feb 17, 2017	0.046375	0.047062	0.032883	0.032883	1,554	5,003,640
Feb 16, 2017	0.047939	0.049423	0.045632	0.046435	996	5,130,590
Feb 15, 2017	0.055163	0.055413	0.046531	0.047931	1,855	5,855,750
Feb 14, 2017	0.049718	0.071573	0.047874	0.055072	2,257	5,234,220
Feb 13, 2017	0.059639	0.059823	0.046723	0.049663	1,315	6,226,850
Feb 12, 2017	0.052833	0.059855	0.046140	0.059657	1,905	5,470,290
Feb 11, 2017	0.062152	0.064359	0.050494	0.052905	948	6,381,470
Feb 10, 2017	0.069928	0.071740	0.048005	0.057303	3,403	7,119,740
Feb 09, 2017	0.078460	0.085224	0.067669	0.069840	2,301	7,920,310
Feb 08, 2017	0.082261	0.085413	0.077526	0.078340	2,118	8,233,390
Feb 07, 2017	0.081317	0.116927	0.076581	0.082186	6,229	8,068,380
Feb 06, 2017	0.080947	0.088376	0.078451	0.081162	2,935	7,961,730
Feb 05, 2017	0.089403	0.092603	0.079778	0.080863	1,757	8,716,180
Feb 04, 2017	0.087746	0.089350	0.078709	0.089350	1,933	8,479,800
Feb 03, 2017	0.095222	0.099657	0.080083	0.087644	5,271	9,119,620
Feb 02, 2017	0.106983	0.112167	0.087773	0.100820	12,304	10,154,300
Feb 01, 2017	0.093620	0.108071	0.084490	0.106727	5,325	8,806,000
Jan 31, 2017	0.069081	0.119612	0.068870	0.093568	10,763	6,438,900
Jan 30, 2017	0.074717	0.074893	0.067660	0.069038	3,193	6,899,900
Jan 29, 2017	0.084369	0.087768	0.065950	0.074663	1,468	7,718,340
Jan 28, 2017	0.077265	0.090639	0.065232	0.084326	3,464	7,002,130
Jan 27, 2017	0.073360	0.077534	0.066478	0.077261	7,330	6,584,220
Jan 26, 2017	0.072209	0.079876	0.062082	0.073325	5,186	6,418,570
Jan 25, 2017	0.056034	0.072140	0.051213	0.072140	4,459	4,932,540
Jan 24, 2017	0.045976	0.065145	0.045163	0.056082	2,019	4,007,510
Jan 23, 2017	0.053679	0.056202	0.046528	0.046528	1,589	4,632,300
Jan 22, 2017	0.062213	0.063156	0.053092	0.053631	17,484,400	5,311,480
Jan 21, 2017	0.069326	0.070638	0.057601	0.062186	556	5,859,710
Jan 20, 2017	0.080835	0.097875	0.062291	0.069326	1,698	6,763,000
Jan 19, 2017	0.048505	0.070164	0.047625	0.070135	437	-
Jan 18, 2017	0.068003	0.079991	0.042115	0.048642	650	-
Jan 17, 2017	0.037272	0.083477	0.037272	0.054548	803	-
Jan 16, 2017	0.038799	0.048833	0.032851	0.035809	392	-
Jan 15, 2017	0.065083	0.065455	0.032300	0.038802	1,185	-
Jan 14, 2017	0.055051	0.080747	0.053507	0.065105	186	-
Jan 13, 2017	0.078851	0.080403	0.045408	0.054974	476	-
Jan 12, 2017	0.061515	0.081153	0.047758	0.078958	180	-
Jan 11, 2017	0.047249	0.062314	0.042075	0.061720	191	-
Jan 10, 2017	0.043575	0.094939	0.035809	0.047249	274	-
Jan 09, 2017	0.036613	0.043672	0.034309	0.043594	99	-
Jan 08, 2017	0.046301	0.048056	0.035708	0.036531	48	-
Jan 07, 2017	0.039633	0.049084	0.036150	0.046321	150	-
Jan 06, 2017	0.047547	0.048890	0.030658	0.039577	149	-
Jan 05, 2017	0.073877	0.073877	0.036609	0.047507	74	-
Jan 04, 2017	0.057442	0.073879	0.054480	0.073749	188	-
Jan 03, 2017	0.079593	0.080363	0.057106	0.057411	97	-
Jan 02, 2017	0.057920	0.079887	0.057809	0.079604	41	-
Jan 01, 2017	0.053072	0.058160	0.052908	0.057903	55	-
Dec 31, 2016	0.070668	0.087060	0.049954	0.053077	91	-
Dec 30, 2016	0.053126	0.071847	0.048121	0.070712	78	-
Dec 29, 2016	0.051132	0.054687	0.048564	0.053126	223	-
Dec 28, 2016	0.064198	0.065635	0.047816	0.051174	83	-
Dec 27, 2016	0.055726	0.064086	0.050439	0.064086	9	-
Dec 26, 2016	0.069017	0.079679	0.050316	0.055726	190	-
Dec 25, 2016	0.067501	0.071522	0.064601	0.068962	106	-
Dec 24, 2016	0.069406	0.073399	0.066559	0.067439	59	-
Dec 23, 2016	0.073515	0.078737	0.066515	0.069392	112	-
Dec 22, 2016	0.062638	0.073674	0.062635	0.073513	102	-
Dec 21, 2016	0.066590	0.093719	0.062312	0.062645	204	-
Dec 20, 2016	0.094838	0.095053	0.066498	0.066609	72	-
Dec 19, 2016	0.092416	0.095210	0.092372	0.094894	9	-
Dec 18, 2016	0.081064	0.098382	0.067237	0.092397	193	-
Dec 17, 2016	0.124199	0.155640	0.081026	0.081046	122	-
Dec 16, 2016	0.074301	0.141827	0.056549	0.124158	218	-
Dec 15, 2016	0.070333	0.132012	0.047776	0.074217	188	-
Dec 14, 2016	1.17	1.17	0.046880	0.070333	540	-
Dec 13, 2016	1.56	1.58	0.016062	1.17	701	-
