Oct 30, 2018	0.017162	0.017465	0.016290	0.016617	619	-
Oct 29, 2018	0.017831	0.018337	0.017056	0.017160	784	-
Oct 28, 2018	0.018068	0.018639	0.017224	0.017916	812	-
Oct 27, 2018	0.018202	0.018930	0.017513	0.017977	337	-
Oct 26, 2018	0.017182	0.018670	0.017129	0.018256	994	-
Oct 25, 2018	0.017140	0.018260	0.017021	0.017209	807	-
Oct 24, 2018	0.017499	0.018496	0.017040	0.017128	1,054	-
Oct 23, 2018	0.017808	0.018557	0.016807	0.016807	1,680	-
Oct 22, 2018	0.020084	0.020084	0.017258	0.017809	1,053	-
Oct 21, 2018	0.017786	0.020381	0.017386	0.020094	1,475	-
Oct 20, 2018	0.016730	0.018578	0.016701	0.017782	953	-
Oct 19, 2018	0.017051	0.017327	0.016721	0.016729	577	-
Oct 18, 2018	0.017015	0.017554	0.016880	0.017054	1,208	-
Oct 17, 2018	0.017676	0.017713	0.016696	0.016953	419	-
Oct 16, 2018	0.018102	0.018349	0.016872	0.017622	763	-
Oct 15, 2018	0.017411	0.019536	0.017330	0.018118	817	-
Oct 14, 2018	0.017580	0.018875	0.017057	0.017393	852	-
Oct 13, 2018	0.019029	0.019191	0.017074	0.017575	2,010	-
Oct 12, 2018	0.017078	0.019713	0.017047	0.019028	1,766	-
Oct 11, 2018	0.020649	0.020675	0.017002	0.017102	11,162	-
Oct 10, 2018	0.020706	0.020749	0.018981	0.020713	924	-
Oct 09, 2018	0.019955	0.020853	0.019580	0.020761	670	-
Oct 08, 2018	0.020057	0.020437	0.018547	0.019899	1,179	-
Oct 07, 2018	0.019559	0.020847	0.018505	0.020000	1,876	-
Oct 06, 2018	0.020549	0.021154	0.019355	0.019495	3,125	-
Oct 05, 2018	0.021552	0.021835	0.019981	0.020507	759	-
Oct 04, 2018	0.021438	0.022150	0.020197	0.021498	3,241	-
Oct 03, 2018	0.021283	0.022914	0.020643	0.021417	1,923	-
Oct 02, 2018	0.021419	0.023386	0.020458	0.021274	2,429	-
Oct 01, 2018	0.021843	0.022135	0.020313	0.021474	4,473	-
Sep 30, 2018	0.022843	0.022949	0.020573	0.021899	2,201	-
Sep 29, 2018	0.023918	0.024688	0.022136	0.022851	996	-
Sep 28, 2018	0.024254	0.024962	0.023103	0.023931	351	-
Sep 27, 2018	0.022753	0.024771	0.022752	0.024249	948	-
Sep 26, 2018	0.024249	0.024286	0.021705	0.022727	1,203	-
Sep 25, 2018	0.024624	0.024973	0.023152	0.024262	161	-
Sep 24, 2018	0.025329	0.025507	0.023588	0.024641	1,047	-
Sep 23, 2018	0.025357	0.025495	0.024121	0.025323	2,032	-
Sep 22, 2018	0.025725	0.025840	0.024593	0.025344	1,215	-
Sep 21, 2018	0.026548	0.027716	0.025620	0.025709	1,176	-
Sep 20, 2018	0.025131	0.026616	0.024878	0.026548	201	-
Sep 19, 2018	0.025761	0.026607	0.023851	0.025120	752	-
Sep 18, 2018	0.023976	0.026274	0.023905	0.025753	755	-
Sep 17, 2018	0.026137	0.028245	0.023772	0.023974	544	-
Sep 16, 2018	0.029861	0.029861	0.024830	0.026081	1,300	-
Sep 15, 2018	0.025129	0.034093	0.024811	0.029820	2,683	-
Sep 14, 2018	0.024831	0.026333	0.024197	0.025157	617	-
Sep 13, 2018	0.023606	0.025679	0.023606	0.025580	154	-
Sep 12, 2018	0.025018	0.025058	0.022716	0.023586	1,023	-
Sep 11, 2018	0.025292	0.026293	0.024225	0.025016	294	-
Sep 10, 2018	0.027803	0.027884	0.023629	0.025262	384	-
Sep 09, 2018	0.027031	0.028009	0.023208	0.027818	1,835	-
Sep 08, 2018	0.027631	0.028816	0.026593	0.027038	424	-
Sep 07, 2018	0.029477	0.031322	0.027500	0.027602	1,538	-
Sep 06, 2018	0.029951	0.029951	0.027733	0.029498	610	-
Sep 05, 2018	0.032216	0.032487	0.029901	0.029901	3,604	-
Sep 04, 2018	0.032721	0.034133	0.032148	0.032194	1,198	-
Sep 03, 2018	0.032553	0.033816	0.031915	0.032721	1,078	-
Sep 02, 2018	0.032472	0.035282	0.032045	0.032560	2,061	-
Sep 01, 2018	0.031602	0.032614	0.029958	0.032457	3,776	-
Aug 31, 2018	0.031647	0.031695	0.029494	0.031635	693	-
Aug 30, 2018	0.031889	0.031994	0.029373	0.031619	1,089	-
Aug 29, 2018	0.032071	0.032337	0.031629	0.031872	2,995	-
Aug 28, 2018	0.031921	0.033067	0.031616	0.032044	1,021	-
Aug 27, 2018	0.032729	0.033536	0.030241	0.031983	3,900	-
Aug 26, 2018	0.030886	0.032732	0.029768	0.032732	99	-
Aug 25, 2018	0.030818	0.033052	0.030528	0.030824	329	-
Aug 24, 2018	0.029552	0.032312	0.029374	0.030840	261	-
Aug 23, 2018	0.029321	0.030452	0.029284	0.029537	416	-
Aug 22, 2018	0.032522	0.033980	0.028641	0.029315	499	-
Aug 21, 2018	0.031626	0.034048	0.030927	0.032516	732	-
Aug 20, 2018	0.034415	0.034633	0.031624	0.031669	2,306	-
Aug 19, 2018	0.034779	0.036319	0.033536	0.034469	3,203	-
Aug 18, 2018	0.038361	0.038480	0.034741	0.034770	468	-
Aug 17, 2018	0.032839	0.038469	0.032761	0.038274	3,048	-
Aug 16, 2018	0.032905	0.034291	0.032589	0.032836	1,339	-
Aug 15, 2018	0.032606	0.035429	0.032565	0.032949	1,352	-
Aug 14, 2018	0.035109	0.035109	0.031726	0.032628	1,866	-
Aug 13, 2018	0.037336	0.038273	0.033386	0.035140	2,467	-
Aug 12, 2018	0.037389	0.039841	0.037238	0.037342	374	-
Aug 11, 2018	0.034596	0.037445	0.033568	0.037429	905	-
Aug 10, 2018	0.039516	0.039686	0.033737	0.034067	2,462	-
Aug 09, 2018	0.039099	0.039862	0.036806	0.039493	2,690	-
Aug 08, 2018	0.041596	0.042342	0.037818	0.039025	1,413	-
Aug 07, 2018	0.043966	0.045928	0.041557	0.041557	1,094	-
Aug 06, 2018	0.045150	0.045682	0.043488	0.043980	489	-
Aug 05, 2018	0.045826	0.046307	0.044728	0.045106	804	-
Aug 04, 2018	0.051006	0.051500	0.045594	0.045808	1,492	-
Aug 03, 2018	0.052066	0.052066	0.047929	0.050937	2,064	-
Aug 02, 2018	0.049581	0.052537	0.047086	0.052071	3,610	-
Aug 01, 2018	0.050925	0.052622	0.047980	0.049559	883	-
Jul 31, 2018	0.056572	0.056572	0.048038	0.050882	7,427	-
Jul 30, 2018	0.057077	0.057205	0.052619	0.056674	2,737	-
Jul 29, 2018	0.057859	0.058224	0.052087	0.057045	4,001	-
Jul 28, 2018	0.057101	0.058007	0.055730	0.057639	1,250	-
Jul 27, 2018	0.053857	0.057257	0.053190	0.056991	2,550	-
Jul 26, 2018	0.057228	0.058024	0.053115	0.053879	756	-
Jul 25, 2018	0.058089	0.059346	0.056530	0.057247	2,536	-
Jul 24, 2018	0.054261	0.059125	0.054125	0.059120	3,714	-
Jul 23, 2018	0.050662	0.055063	0.049723	0.054185	8,479	-
Jul 22, 2018	0.052401	0.053842	0.049856	0.050708	2,994	-
Jul 21, 2018	0.052866	0.053566	0.049689	0.052415	3,354	-
Jul 20, 2018	0.054593	0.055728	0.050774	0.052877	2,131	-
Jul 19, 2018	0.051519	0.057676	0.051054	0.054559	3,939	-
Jul 18, 2018	0.049395	0.054429	0.049395	0.051541	4,399	-
Jul 17, 2018	0.048802	0.052870	0.044960	0.049416	3,497	-
Jul 16, 2018	0.046303	0.048789	0.044929	0.048789	4,213	-
Jul 15, 2018	0.050720	0.050850	0.043906	0.046252	14,038	-
Jul 14, 2018	0.038634	0.056635	0.037434	0.050116	78,159	-
Jul 13, 2018	0.039308	0.039664	0.037660	0.038738	1,370	-
Jul 12, 2018	0.039718	0.039718	0.036380	0.039270	3,059	-
Jul 11, 2018	0.040221	0.040704	0.038096	0.039728	1,404	-
Jul 10, 2018	0.043367	0.045263	0.037329	0.040220	6,028	-
Jul 09, 2018	0.038775	0.045731	0.037025	0.043854	8,178	-
Jul 08, 2018	0.040139	0.041579	0.037638	0.038783	2,949	-
Jul 07, 2018	0.042136	0.042136	0.038328	0.040184	3,103	-
Jul 06, 2018	0.040893	0.042789	0.038958	0.042206	2,840	-
Jul 05, 2018	0.040272	0.043621	0.039830	0.040900	2,322	-
Jul 04, 2018	0.040401	0.042952	0.039242	0.040190	1,630	-
Jul 03, 2018	0.040785	0.041983	0.039038	0.040413	1,896	-
Jul 02, 2018	0.036482	0.041174	0.033648	0.040965	4,940	-
Jul 01, 2018	0.035941	0.037750	0.035085	0.036465	2,517	-
Jun 30, 2018	0.036102	0.037919	0.034950	0.035932	2,239	-
Jun 29, 2018	0.034338	0.035961	0.033269	0.035949	1,299	-
Jun 28, 2018	0.035436	0.039304	0.034141	0.034318	3,708	-
Jun 27, 2018	0.038464	0.039117	0.034495	0.034525	3,548	-
Jun 26, 2018	0.041333	0.041419	0.038203	0.038476	1,446	-
Jun 25, 2018	0.039592	0.044853	0.037980	0.041333	6,816	-
Jun 24, 2018	0.036777	0.046992	0.032450	0.039667	26,532	-
Jun 23, 2018	0.037440	0.038219	0.035921	0.036781	1,434	-
Jun 22, 2018	0.040833	0.044014	0.036121	0.037436	6,220	-
Jun 21, 2018	0.042009	0.042009	0.037456	0.040877	4,666	-
Jun 20, 2018	0.041916	0.046645	0.040152	0.042000	5,236	-
Jun 19, 2018	0.039354	0.042762	0.039222	0.041892	3,020	-
Jun 18, 2018	0.037603	0.039497	0.036286	0.039374	3,496	-
Jun 17, 2018	0.039713	0.043426	0.037490	0.037727	7,759	-
Jun 16, 2018	0.039214	0.039892	0.036878	0.039655	2,401	-
Jun 15, 2018	0.038834	0.042095	0.037218	0.039317	2,006	-
Jun 14, 2018	0.034934	0.042419	0.034319	0.038888	6,160	-
Jun 13, 2018	0.040584	0.040592	0.031675	0.034946	20,204	-
Jun 12, 2018	0.043901	0.044536	0.040243	0.040482	3,542	-
Jun 11, 2018	0.044957	0.046478	0.042350	0.043920	1,896	-
Jun 10, 2018	0.051897	0.052448	0.043421	0.044900	5,849	-
Jun 09, 2018	0.051448	0.056643	0.051448	0.051833	10,007	-
Jun 08, 2018	0.052632	0.054200	0.051404	0.051468	618	-
Jun 07, 2018	0.054129	0.056933	0.051119	0.052595	12,269	-
Jun 06, 2018	0.054196	0.057089	0.052843	0.054079	24,610	-
Jun 05, 2018	0.054525	0.057091	0.051926	0.054210	12,605	-
Jun 04, 2018	0.058039	0.058733	0.053895	0.054499	27,254	-
Jun 03, 2018	0.055704	0.060416	0.053410	0.058012	85,462	-
Jun 02, 2018	0.053585	0.058731	0.052904	0.055689	24,942	-
Jun 01, 2018	0.053897	0.055550	0.052046	0.053607	8,847	-
May 31, 2018	0.053137	0.057522	0.052880	0.053858	11,472	-
May 30, 2018	0.055211	0.055798	0.051502	0.053146	7,200	-
May 29, 2018	0.055575	0.059729	0.053816	0.055177	17,129	-
May 28, 2018	0.056611	0.059405	0.053623	0.055663	11,252	-
May 27, 2018	0.055457	0.058607	0.054725	0.056598	4,241	-
May 26, 2018	0.058153	0.059993	0.055147	0.055433	4,750	-
May 25, 2018	0.059618	0.061539	0.057560	0.058219	1,072	-
May 24, 2018	0.061691	0.062744	0.055411	0.059507	27,834	-
May 23, 2018	0.070795	0.070890	0.061150	0.061844	8,491	-
May 22, 2018	0.075315	0.076189	0.070698	0.070865	5,648	-
May 21, 2018	0.075067	0.076417	0.071971	0.074994	9,105	-
May 20, 2018	0.074799	0.081285	0.073408	0.074974	10,644	-
May 19, 2018	0.076294	0.078972	0.072586	0.074744	21,807	-
May 18, 2018	0.075945	0.093101	0.072138	0.076306	103,579	-
May 17, 2018	0.068828	0.132764	0.067786	0.075878	500,679	-
May 16, 2018	0.069787	0.069842	0.066863	0.068787	8,316	-
May 15, 2018	0.071073	0.073597	0.069493	0.069826	5,027	-
May 14, 2018	0.072665	0.073352	0.066450	0.071193	10,485	-
May 13, 2018	0.071978	0.075526	0.069191	0.072678	8,769	-
May 12, 2018	0.067427	0.076319	0.066328	0.072003	6,415	-
May 11, 2018	0.083515	0.083515	0.067217	0.067217	9,444	-
May 10, 2018	0.080537	0.086316	0.076295	0.083415	15,278	-
May 09, 2018	0.079337	0.081741	0.077665	0.080555	3,906	-
May 08, 2018	0.084228	0.087776	0.079027	0.079456	6,448	-
May 07, 2018	0.090740	0.090781	0.082714	0.084049	11,929	-
May 06, 2018	0.092963	0.095527	0.089235	0.090683	4,335	-
May 05, 2018	0.099550	0.099550	0.092699	0.092904	10,757	-
May 04, 2018	0.096462	0.103579	0.094689	0.099596	22,566	-
May 03, 2018	0.091143	0.097988	0.087721	0.096495	20,781	-
May 02, 2018	0.086725	0.097051	0.086725	0.091136	26,857	-
May 01, 2018	0.090060	0.090060	0.082954	0.086855	16,221	-
Apr 30, 2018	0.097365	0.097824	0.088740	0.089982	19,510	-
Apr 29, 2018	0.097235	0.101072	0.095856	0.097404	18,525	-
Apr 28, 2018	0.095160	0.101493	0.091447	0.097273	49,085	-
Apr 27, 2018	0.102708	0.108569	0.093784	0.095660	56,366	-
Apr 26, 2018	0.096154	0.110252	0.084920	0.102566	219,591	-
Apr 25, 2018	0.082094	0.123061	0.073316	0.095109	437,147	-
Apr 24, 2018	0.076471	0.082620	0.074484	0.082620	21,813	-
Apr 23, 2018	0.078284	0.079600	0.072786	0.076404	22,239	-
Apr 22, 2018	0.077693	0.079223	0.071550	0.078440	33,648	-
Apr 21, 2018	0.077697	0.077697	0.071857	0.077693	17,043	-
Apr 20, 2018	0.072073	0.077671	0.071024	0.077671	15,743	-
Apr 19, 2018	0.071318	0.072094	0.068253	0.072035	24,646	-
Apr 18, 2018	0.065533	0.071613	0.064849	0.071270	18,580	-
Apr 17, 2018	0.067342	0.067887	0.063232	0.065475	22,465	-
Apr 16, 2018	0.072059	0.072541	0.064490	0.067308	17,008	-
Apr 15, 2018	0.071982	0.072898	0.067870	0.072089	19,045	-
Apr 14, 2018	0.069815	0.073801	0.066873	0.071906	24,358	-
Apr 13, 2018	0.070344	0.074056	0.065283	0.069816	18,487	-
Apr 12, 2018	0.052382	0.081541	0.051165	0.070961	158,009	-
Apr 11, 2018	0.049492	0.053438	0.049295	0.052509	10,014	-
Apr 10, 2018	0.050396	0.053008	0.048805	0.049377	5,859	-
Apr 09, 2018	0.049265	0.059354	0.048295	0.050354	31,563	-
Apr 08, 2018	0.042829	0.051050	0.042829	0.049179	15,200	-
Apr 07, 2018	0.040183	0.045567	0.040127	0.042791	7,538	-
Apr 06, 2018	0.040539	0.040927	0.038133	0.040138	3,500	-
Apr 05, 2018	0.042392	0.042543	0.040102	0.040730	3,341	-
Apr 04, 2018	0.047873	0.047873	0.039510	0.042375	6,229	-
Apr 03, 2018	0.046282	0.049885	0.044166	0.047898	6,695	-
Apr 02, 2018	0.039705	0.047266	0.039457	0.046249	21,500	-
Apr 01, 2018	0.041169	0.043190	0.038104	0.039519	14,817	-
Mar 31, 2018	0.039643	0.043926	0.039536	0.041170	5,887	-
Mar 30, 2018	0.044601	0.044801	0.039646	0.040035	8,378	-
Mar 29, 2018	0.050021	0.050566	0.042835	0.043503	4,707	-
Mar 28, 2018	0.048816	0.052267	0.047422	0.049963	9,743	-
Mar 27, 2018	0.052013	0.054648	0.048766	0.048827	9,490	-
Mar 26, 2018	0.053514	0.054963	0.050158	0.052090	7,397	-
Mar 25, 2018	0.056236	0.058934	0.051784	0.053554	21,427	-
Mar 24, 2018	0.064046	0.064780	0.056954	0.056954	26,060	-
Mar 23, 2018	0.061780	0.063185	0.058589	0.063185	2,783	-
Mar 22, 2018	0.065394	0.067447	0.060254	0.061782	4,191	-
Mar 21, 2018	0.066536	0.068305	0.062754	0.065512	14,432	-
Mar 20, 2018	0.066236	0.068545	0.061643	0.066425	4,975	-
Mar 19, 2018	0.059149	0.066586	0.058447	0.065615	9,269	-
Mar 18, 2018	0.060574	0.065356	0.054479	0.059406	15,088	-
Mar 17, 2018	0.074274	0.074563	0.060010	0.060790	48,952	-
Mar 16, 2018	0.075818	0.080046	0.072457	0.074162	12,943	-
Mar 15, 2018	0.076526	0.078267	0.071134	0.075860	11,674	-
Mar 14, 2018	0.086190	0.089423	0.075848	0.076556	8,319	-
Mar 13, 2018	0.084379	0.088794	0.082180	0.085455	16,834	-
Mar 12, 2018	0.090762	0.097783	0.082605	0.084307	41,031	-
Mar 11, 2018	0.086844	0.095272	0.083792	0.091043	15,748	-
Mar 10, 2018	0.091011	0.098459	0.086717	0.087138	20,444	-
Mar 09, 2018	0.090663	0.098259	0.081841	0.090704	15,581	-
Mar 08, 2018	0.099794	0.103580	0.090561	0.091207	13,167	-
Mar 07, 2018	0.110573	0.118722	0.090190	0.101869	47,063	-
Mar 06, 2018	0.123214	0.123214	0.108952	0.110719	16,930	-
Mar 05, 2018	0.120853	0.126206	0.114427	0.123547	33,810	-
Mar 04, 2018	0.117371	0.120945	0.112998	0.120945	13,360	-
Mar 03, 2018	0.118729	0.123321	0.116071	0.117560	11,499	-
Mar 02, 2018	0.113615	0.121747	0.111671	0.118869	27,543	-
Mar 01, 2018	0.106271	0.115479	0.103131	0.113904	27,816	-
Feb 28, 2018	0.107506	0.111649	0.104140	0.106129	16,390	-
Feb 27, 2018	0.107644	0.111892	0.104916	0.107626	11,091	-
Feb 26, 2018	0.106940	0.112194	0.103048	0.107251	11,790	-
Feb 25, 2018	0.108159	0.111500	0.102203	0.106807	21,423	-
Feb 24, 2018	0.114006	0.124347	0.104956	0.108318	10,525	-
Feb 23, 2018	0.105857	0.121200	0.102001	0.114171	31,913	-
Feb 22, 2018	0.115571	0.121659	0.105591	0.105937	19,277	-
Feb 21, 2018	0.128998	0.129729	0.117728	0.118463	18,351	-
Feb 20, 2018	0.139506	0.145697	0.127819	0.129165	63,191	-
Feb 19, 2018	0.120471	0.144619	0.120104	0.139190	31,679	-
Feb 18, 2018	0.128309	0.132511	0.118548	0.121030	17,307	-
Feb 17, 2018	0.117943	0.129933	0.113933	0.127948	14,806	-
Feb 16, 2018	0.116555	0.120615	0.111172	0.117969	11,101	-
Feb 15, 2018	0.110888	0.120708	0.109561	0.117003	14,101	-
Feb 14, 2018	0.104705	0.114517	0.102603	0.110833	30,459	-
Feb 13, 2018	0.110837	0.111894	0.101161	0.105013	31,755	-
Feb 12, 2018	0.100244	0.117986	0.100244	0.110469	46,074	-
Feb 11, 2018	0.105986	0.110033	0.096115	0.099657	14,262	-
Feb 10, 2018	0.106960	0.113461	0.100413	0.106074	53,326	-
Feb 09, 2018	0.097752	0.109034	0.093258	0.106885	27,874	-
Feb 08, 2018	0.093056	0.103878	0.093056	0.096394	19,460	-
Feb 07, 2018	0.092110	0.107545	0.085526	0.093380	24,597	-
Feb 06, 2018	0.083076	0.093721	0.072343	0.092927	28,678	-
Feb 05, 2018	0.109574	0.111666	0.080441	0.082979	32,492	-
Feb 04, 2018	0.123804	0.127654	0.105504	0.110582	14,121	-
Feb 03, 2018	0.114366	0.129517	0.108709	0.123751	20,199	-
Feb 02, 2018	0.119238	0.123588	0.096202	0.115600	35,212	-
Feb 01, 2018	0.140081	0.143652	0.111090	0.118315	45,386	-
Jan 31, 2018	0.138882	0.145713	0.130863	0.139964	37,113	-
Jan 30, 2018	0.161588	0.164238	0.136470	0.136470	42,662	-
Jan 29, 2018	0.167556	0.173937	0.159985	0.161599	53,282	-
Jan 28, 2018	0.179118	0.184511	0.169969	0.169969	48,273	-
Jan 27, 2018	0.174232	0.181574	0.167489	0.175619	32,595	-
Jan 26, 2018	0.186157	0.196864	0.167161	0.174340	39,825	-
Jan 25, 2018	0.196285	0.199668	0.177397	0.186103	57,026	-
Jan 24, 2018	0.183545	0.196164	0.181332	0.193624	35,036	-
Jan 23, 2018	0.184621	0.195809	0.169052	0.183656	28,360	-
Jan 22, 2018	0.196763	0.214753	0.169718	0.185091	98,674	-
Jan 21, 2018	0.230146	0.230146	0.187336	0.194266	70,111	-
Jan 20, 2018	0.219181	0.241230	0.219181	0.229638	99,776	-
Jan 19, 2018	0.226543	0.235581	0.211646	0.216938	77,120	-
Jan 18, 2018	0.219243	0.247931	0.209363	0.228673	60,384	-
Jan 17, 2018	0.224660	0.235443	0.162962	0.216734	80,380	-
Jan 16, 2018	0.337370	0.337370	0.200133	0.225594	102,388	-
Jan 15, 2018	0.369855	0.374908	0.327875	0.336832	167,086	-
Jan 14, 2018	0.373634	0.390818	0.351351	0.372532	188,028	-
Jan 13, 2018	0.379266	0.407367	0.366663	0.373392	219,877	-
Jan 12, 2018	0.334538	0.406670	0.319806	0.383274	442,773	-
Jan 11, 2018	0.408432	0.408432	0.326593	0.332331	291,185	-
Jan 10, 2018	0.424819	0.462215	0.386086	0.399851	686,567	-
Jan 09, 2018	0.375719	0.457715	0.357284	0.424266	738,142	-
Jan 08, 2018	0.374017	0.413885	0.336413	0.373453	667,797	-
Jan 07, 2018	0.341279	0.401658	0.334274	0.368791	417,964	-
Jan 06, 2018	0.345000	0.346107	0.317292	0.341500	220,252	-
Jan 05, 2018	0.307372	0.348825	0.295662	0.344739	305,887	-
Jan 04, 2018	0.288977	0.346794	0.268788	0.307308	798,692	-
Jan 03, 2018	0.266440	0.305111	0.252158	0.287639	423,878	-
Jan 02, 2018	0.263704	0.277370	0.243719	0.267375	335,927	-
Jan 01, 2018	0.233487	0.272272	0.216069	0.260942	336,061	-
Dec 31, 2017	0.200496	0.245556	0.191756	0.232595	309,562	-
Dec 30, 2017	0.233474	0.233474	0.185260	0.202649	130,179	-
Dec 29, 2017	0.229595	0.248440	0.213462	0.230753	244,186	-
Dec 28, 2017	0.233721	0.234992	0.193274	0.227348	119,498	-
Dec 27, 2017	0.217531	0.234050	0.199003	0.234050	246,109	-
Dec 26, 2017	0.236713	0.255855	0.197377	0.216969	337,346	-
Dec 25, 2017	0.222889	0.255510	0.209470	0.236396	403,896	-
Dec 24, 2017	0.205951	0.222747	0.184627	0.220627	250,151	-
Dec 23, 2017	0.202518	0.232929	0.199941	0.203730	421,716	-
Dec 22, 2017	0.324612	0.324612	0.139652	0.200500	1,678,600	-
Dec 21, 2017	0.162049	0.373416	0.160476	0.315237	4,026,570	-
Dec 20, 2017	0.174902	0.176738	0.146738	0.160994	131,988	-
Dec 19, 2017	0.185684	0.202081	0.168857	0.177318	286,748	-
Dec 18, 2017	0.170398	0.192197	0.165021	0.189104	1,358,250	-
Dec 17, 2017	0.167442	0.175602	0.159436	0.169911	84,726	-
Dec 16, 2017	0.161634	0.171117	0.153820	0.167420	187,244	-
Dec 15, 2017	0.160987	0.169164	0.153231	0.161458	79,586	-
Dec 14, 2017	0.156584	0.176276	0.155364	0.157667	135,803	-
Dec 13, 2017	0.162566	0.166550	0.149308	0.157045	74,301	-
Dec 12, 2017	0.161992	0.171368	0.154148	0.162607	116,595	-
Dec 11, 2017	0.159061	0.178134	0.150034	0.161491	98,859	-
Dec 10, 2017	0.141645	0.181837	0.127678	0.160647	373,952	-
Dec 09, 2017	0.146868	0.179031	0.138153	0.141086	232,974	-
Dec 08, 2017	0.140531	0.166771	0.126697	0.147010	50,548	-
Dec 07, 2017	0.140108	0.157927	0.127278	0.140218	162,176	-
Dec 06, 2017	0.147994	0.154045	0.129490	0.140344	151,247	-
Dec 05, 2017	0.135512	0.152873	0.133039	0.148325	282,448	-
Dec 04, 2017	0.130422	0.139540	0.126019	0.139540	91,009	-
Dec 03, 2017	0.138922	0.143670	0.122195	0.130009	196,611	-
Dec 02, 2017	0.155042	0.162432	0.131753	0.139006	1,040,560	-
Dec 01, 2017	0.099928	0.199946	0.096204	0.152572	2,561,000	-
Nov 30, 2017	0.102360	0.109894	0.087861	0.100408	64,270	-
Nov 29, 2017	0.119443	0.129976	0.098659	0.100478	68,071	-
Nov 28, 2017	0.114616	0.121796	0.112816	0.119570	55,647	-
Nov 27, 2017	0.116363	0.121847	0.108675	0.114326	48,380	-
Nov 26, 2017	0.104053	0.119606	0.102495	0.116523	76,265	-
Nov 25, 2017	0.098196	0.104087	0.095807	0.104087	61,471	-
Nov 24, 2017	0.098282	0.104736	0.094412	0.098390	41,462	-
Nov 23, 2017	0.098814	0.105730	0.097321	0.097321	33,669	-
Nov 22, 2017	0.093318	0.107533	0.092784	0.098698	51,111	-
Nov 21, 2017	0.096608	0.106643	0.087408	0.093818	76,409	-
Nov 20, 2017	0.095066	0.104899	0.092801	0.096590	52,834	-
Nov 19, 2017	0.097102	0.108022	0.092200	0.095110	66,494	-
Nov 18, 2017	0.099184	0.104020	0.092482	0.096044	40,452	-
Nov 17, 2017	0.102411	0.103694	0.097978	0.099475	22,708	-
Nov 16, 2017	0.099115	0.106192	0.095790	0.102577	20,851	-
Nov 15, 2017	0.101199	0.103351	0.094170	0.098605	42,053	-
Nov 14, 2017	0.091933	0.102434	0.088643	0.101132	75,789	-
Nov 13, 2017	0.082665	0.097613	0.078228	0.091741	30,747	-
Nov 12, 2017	0.094684	0.094684	0.076654	0.079832	36,578	-
Nov 11, 2017	0.096403	0.102665	0.090453	0.095696	34,948	-
Nov 10, 2017	0.108238	0.112672	0.093585	0.096745	94,412	-
Nov 09, 2017	0.109752	0.114383	0.104743	0.107919	52,314	-
Nov 08, 2017	0.110311	0.113212	0.099675	0.109865	75,586	-
Nov 07, 2017	0.108833	0.120478	0.102211	0.111508	201,097	-
Nov 06, 2017	0.105588	0.113407	0.099736	0.108997	48,725	-
Nov 05, 2017	0.099570	0.110865	0.098560	0.105357	56,951	-
Nov 04, 2017	0.090876	0.109356	0.089756	0.099757	59,890	-
Nov 03, 2017	0.089178	0.099672	0.083967	0.091113	61,144	-
Nov 02, 2017	0.096553	0.097995	0.084917	0.089294	42,348	-
Nov 01, 2017	0.096376	0.101639	0.089584	0.096379	46,924	-
Oct 31, 2017	0.093873	0.102960	0.091433	0.096446	49,770	-
Oct 30, 2017	0.099422	0.103963	0.092275	0.094189	58,100	-
Oct 29, 2017	0.100126	0.132781	0.094549	0.100806	380,295	-
Oct 28, 2017	0.099998	0.103509	0.091950	0.100262	42,932	-
Oct 27, 2017	0.097702	0.100937	0.093989	0.099735	43,238	-
Oct 26, 2017	0.097315	0.108913	0.094043	0.097680	79,464	-
Oct 25, 2017	0.096036	0.097396	0.088608	0.094978	23,888	-
Oct 24, 2017	0.085460	0.102761	0.080644	0.095997	58,910	-
Oct 23, 2017	0.090559	0.097789	0.082131	0.084248	37,994	-
Oct 22, 2017	0.095128	0.106666	0.090456	0.090704	37,551	-
Oct 21, 2017	0.101362	0.103682	0.090914	0.093608	57,701	-
Oct 20, 2017	0.107254	0.112773	0.097568	0.100978	83,632	-
Oct 19, 2017	0.106998	0.112422	0.098119	0.107222	123,936	-
Oct 18, 2017	0.106555	0.117254	0.099890	0.106608	134,925	-
Oct 17, 2017	0.129794	0.135290	0.104180	0.108822	119,920	-
Oct 16, 2017	0.163222	0.190232	0.106778	0.128503	772,173	-
Oct 15, 2017	0.111147	0.163888	0.089402	0.160136	829,738	-
Oct 14, 2017	0.147126	0.147126	0.105353	0.112756	439,182	-
Oct 13, 2017	0.168486	0.288163	0.147071	0.149684	4,680,900	-
Oct 12, 2017	0.083878	0.293969	0.083878	0.176261	9,192,480	-
Oct 11, 2017	0.068482	0.107182	0.065237	0.084334	266,037	-
Oct 10, 2017	0.065594	0.080275	0.058642	0.071557	67,437	-
Oct 09, 2017	0.074479	0.075941	0.057387	0.065598	66,077	-
Oct 08, 2017	0.084474	0.085802	0.074401	0.074552	23,923	-
Oct 07, 2017	0.085226	0.088372	0.082719	0.084699	14,249	-
Oct 06, 2017	0.082117	0.102208	0.080446	0.083627	71,064	-
Oct 05, 2017	0.088149	0.088225	0.078719	0.082118	32,270	-
Oct 04, 2017	0.088704	0.091112	0.085102	0.088075	20,236	-
Oct 03, 2017	0.097937	0.100052	0.085852	0.090338	28,281	-
Oct 02, 2017	0.101885	0.104286	0.095170	0.097933	30,282	-
Oct 01, 2017	0.110667	0.111242	0.099352	0.101930	28,231	-
Sep 30, 2017	0.105711	0.116501	0.105682	0.110607	29,090	-
Sep 29, 2017	0.112738	0.113197	0.101354	0.104345	20,407	-
Sep 28, 2017	0.118473	0.118666	0.107065	0.112823	43,904	-
Sep 27, 2017	0.108515	0.120598	0.108515	0.116537	86,743	-
Sep 26, 2017	0.111789	0.114215	0.105044	0.108818	85,966	-
Sep 25, 2017	0.114148	0.121107	0.106489	0.111800	148,246	-
Sep 24, 2017	0.133317	0.139145	0.112883	0.114264	320,696	-
Sep 23, 2017	0.121193	0.145961	0.098487	0.131207	875,919	-
Sep 22, 2017	0.085286	0.127222	0.085210	0.123342	373,474	-
Sep 21, 2017	0.100212	0.101250	0.085273	0.085380	86,627	-
Sep 20, 2017	0.103959	0.125619	0.100592	0.100707	247,311	-
Sep 19, 2017	0.135359	0.187453	0.102558	0.103315	1,708,280	-
Sep 18, 2017	0.082583	0.176441	0.078228	0.138345	2,101,440	-
Sep 17, 2017	0.066668	0.089899	0.061938	0.079639	66,940	-
Sep 16, 2017	0.064960	0.073699	0.062855	0.066713	21,498	-
Sep 15, 2017	0.061116	0.069355	0.051603	0.065129	16,610	-
Sep 14, 2017	0.076494	0.078150	0.060656	0.060656	16,088	-
Sep 13, 2017	0.082615	0.084409	0.071290	0.078240	24,184	-
Sep 12, 2017	0.089415	0.094431	0.081414	0.082929	31,461	-
Sep 11, 2017	0.082804	0.099503	0.076386	0.089329	121,847	-
Sep 10, 2017	0.088358	0.088591	0.078882	0.082939	24,436	-
Sep 09, 2017	0.087485	0.090447	0.085047	0.088586	7,960	-
Sep 08, 2017	0.097078	0.098257	0.082479	0.087316	10,215	-
Sep 07, 2017	0.096791	0.100288	0.095011	0.097059	16,884	-
Sep 06, 2017	0.093793	0.105711	0.091014	0.096977	14,450	-
Sep 05, 2017	0.087414	0.097387	0.081514	0.093686	8,697	-
Sep 04, 2017	0.103142	0.104043	0.082515	0.086962	17,625	-
Sep 03, 2017	0.107669	0.108998	0.098336	0.103108	10,391	-
Sep 02, 2017	0.113299	0.116282	0.102529	0.107600	13,831	-
Sep 01, 2017	0.116038	0.117429	0.109241	0.113157	20,118	-
Aug 31, 2017	0.111647	0.119228	0.108780	0.116017	13,305	-
Aug 30, 2017	0.114851	0.117426	0.107276	0.111843	26,323	-
Aug 29, 2017	0.107922	0.118920	0.105962	0.115005	109,571	-
Aug 28, 2017	0.100677	0.120008	0.096041	0.104934	129,364	-
Aug 27, 2017	0.098373	0.103987	0.098351	0.100782	19,294	-
Aug 26, 2017	0.100817	0.108543	0.096457	0.099833	249,194	-
Aug 25, 2017	0.097397	0.110267	0.096704	0.100624	41,624	-
Aug 24, 2017	0.093299	0.103030	0.090604	0.097160	36,583	-
Aug 23, 2017	0.091365	0.097363	0.087553	0.095247	26,829	-
Aug 22, 2017	0.094582	0.094582	0.081866	0.091551	32,753	-
Aug 21, 2017	0.093186	0.106250	0.087551	0.094324	43,187	-
Aug 20, 2017	0.089332	0.097671	0.084961	0.093541	21,256	-
Aug 19, 2017	0.087019	0.099700	0.084399	0.087335	39,346	-
Aug 18, 2017	0.091203	0.100164	0.080685	0.087093	26,102	-
Aug 17, 2017	0.096072	0.096426	0.084906	0.091482	9,839	-
Aug 16, 2017	0.089886	0.096178	0.085396	0.096161	13,433	-
Aug 15, 2017	0.104887	0.115418	0.082888	0.090493	33,650	-
Aug 14, 2017	0.087495	0.111783	0.080890	0.104606	55,402	-
Aug 13, 2017	0.086986	0.094826	0.077861	0.086262	9,842	-
Aug 12, 2017	0.079030	0.099446	0.078207	0.087066	31,817	-
Aug 11, 2017	0.081987	0.084123	0.074983	0.080735	14,376	-
Aug 10, 2017	0.086717	0.093002	0.079342	0.081992	135,683	-
Aug 09, 2017	0.087212	0.112351	0.082417	0.086709	94,652	-
Aug 08, 2017	0.093306	0.099894	0.087243	0.087271	8,303	-
Aug 07, 2017	0.088554	0.099902	0.082442	0.093212	18,470	-
Aug 06, 2017	0.092640	0.092988	0.085240	0.088753	5,299	-
Aug 05, 2017	0.084952	0.095604	0.083204	0.092618	8,707	-
Aug 04, 2017	0.081018	0.101736	0.078758	0.084990	33,910	-
Aug 03, 2017	0.085040	0.085486	0.074596	0.081038	9,399	-
Aug 02, 2017	0.090968	0.099684	0.073234	0.084889	23,065	-
Aug 01, 2017	0.087243	0.117041	0.072997	0.090986	22,298	-
Jul 31, 2017	0.085972	0.087201	0.075774	0.087201	3,337	-
Jul 30, 2017	0.088298	0.088944	0.080237	0.085884	3,660	-
Jul 29, 2017	0.095123	0.098416	0.080255	0.088311	3,641	-
Jul 28, 2017	0.104552	0.107003	0.092312	0.095485	6,104	-
Jul 27, 2017	0.099048	0.108824	0.098868	0.104236	11,027	-
Jul 26, 2017	0.104408	0.131519	0.095568	0.098768	103,223	-
Jul 25, 2017	0.104036	0.126929	0.086798	0.102415	34,001	-
Jul 24, 2017	0.109829	0.110160	0.101836	0.104047	7,623	-
Jul 23, 2017	0.107614	0.115383	0.102703	0.106955	6,623	-
Jul 22, 2017	0.106691	0.118277	0.106228	0.107614	17,909	-
Jul 21, 2017	0.114438	0.117283	0.104918	0.106712	9,759	-
Jul 20, 2017	0.092464	0.129802	0.091950	0.115254	33,105	-
Jul 19, 2017	0.102240	0.106807	0.091940	0.092743	7,933	-
Jul 18, 2017	0.098851	0.112352	0.091173	0.102078	30,347	-
Jul 17, 2017	0.073071	0.138048	0.071246	0.098974	99,072	-
Jul 16, 2017	0.076746	0.083647	0.066462	0.073152	28,610	-
Jul 15, 2017	0.089543	0.094403	0.076612	0.077276	19,271	-
Jul 14, 2017	0.100851	0.108146	0.087340	0.089696	9,775	-
Jul 13, 2017	0.104686	0.110653	0.097997	0.100925	8,149	-
Jul 12, 2017	0.106083	0.108771	0.097321	0.104608	9,691	-
Jul 11, 2017	0.134663	0.137668	0.089793	0.106241	17,639	-
Jul 10, 2017	0.168300	0.170493	0.134569	0.137061	22,553	-
Jul 09, 2017	0.175906	0.179845	0.167973	0.167973	6,184	-
Jul 08, 2017	0.169411	0.186320	0.167357	0.175749	9,010	-
Jul 07, 2017	0.174386	0.184332	0.167766	0.169269	8,655	-
Jul 06, 2017	0.182322	0.200168	0.172669	0.174258	28,836	-
Jul 05, 2017	0.183301	0.189550	0.170772	0.182231	15,062	-
Jul 04, 2017	0.182047	0.197472	0.172231	0.183400	20,444	-
Jul 03, 2017	0.178446	0.199459	0.165661	0.182462	34,367	-
Jul 02, 2017	0.171644	0.196086	0.169013	0.179106	16,036	-
Jul 01, 2017	0.204086	0.238446	0.170752	0.172628	59,080	-
Jun 30, 2017	0.214748	0.235133	0.198259	0.204164	54,442	-
Jun 29, 2017	0.181715	0.216440	0.178696	0.213260	37,672	-
Jun 28, 2017	0.164570	0.257396	0.163276	0.178869	169,069	-
Jun 27, 2017	0.158295	0.168642	0.143347	0.168334	12,818	-
Jun 26, 2017	0.164011	0.177169	0.146425	0.154644	27,458	-
Jun 25, 2017	0.184685	0.188737	0.162232	0.164096	40,768	-
Jun 24, 2017	0.177617	0.308880	0.158235	0.185110	233,213	-
Jun 23, 2017	0.146508	0.181512	0.146508	0.177637	17,412	-
Jun 22, 2017	0.144335	0.160247	0.144335	0.146508	20,340	-
Jun 21, 2017	0.144285	0.149730	0.144260	0.144335	6,416	-
Jun 20, 2017	0.143885	0.157374	0.143710	0.144285	9,800	-
Jun 19, 2017	0.149081	0.149081	0.143885	0.143885	6,627	-
Jun 18, 2017	0.154851	0.155251	0.144884	0.149081	5,653	-
Jun 17, 2017	0.146133	0.174785	0.146133	0.154851	12,458	-
Jun 16, 2017	0.139468	0.169864	0.129799	0.146133	13,906	-
Jun 15, 2017	0.143781	0.153299	0.123165	0.139571	5,665	-
Jun 14, 2017	0.173309	0.195022	0.137980	0.143787	22,601	-
Jun 13, 2017	0.161493	0.175070	0.148947	0.173411	18,255	-
Jun 12, 2017	0.195123	0.204877	0.140069	0.162035	10,162	-
Jun 11, 2017	0.200741	0.207908	0.194127	0.195383	2,717	-
Jun 10, 2017	0.204005	0.206200	0.195766	0.200856	7,860	-
Jun 09, 2017	0.208669	0.209214	0.201337	0.203699	7,509	-
Jun 08, 2017	0.193729	0.209000	0.192719	0.209000	586	-
Jun 07, 2017	0.203618	0.220207	0.186172	0.192760	12,946	-
Jun 06, 2017	0.222994	0.239667	0.194258	0.203566	18,352	-
Jun 05, 2017	0.178693	0.234884	0.178693	0.222321	13,953	-
Jun 04, 2017	0.191196	0.214548	0.171887	0.178661	9,170	-
Jun 03, 2017	0.167451	0.300471	0.157858	0.191714	104,297	-
Jun 02, 2017	0.164473	0.169838	0.151489	0.167525	4,390	-
Jun 01, 2017	0.140834	0.167479	0.131233	0.164399	9,636	-
May 31, 2017	0.131627	0.142922	0.121890	0.140710	3,061	-
May 30, 2017	0.146991	0.162375	0.127283	0.131113	3,994	-
May 29, 2017	0.143308	0.153800	0.132548	0.146821	2,918	-
May 28, 2017	0.142614	0.168071	0.129821	0.143599	2,877	-
May 27, 2017	0.166930	0.171931	0.128154	0.141767	2,906	-
May 26, 2017	0.160296	0.197539	0.153416	0.166377	9,838	-
May 25, 2017	0.178218	0.196784	0.157243	0.161481	21,472	-
May 24, 2017	0.165195	0.190748	0.165195	0.178554	13,093	-
May 23, 2017	0.147551	0.396735	0.147551	0.164996	144,393	-
May 22, 2017	0.151106	0.164756	0.146860	0.147767	2,724	-
May 21, 2017	0.145072	0.191451	0.145032	0.158831	6,800	-
May 20, 2017	0.134172	0.189891	0.134167	0.145124	4,418	-
May 19, 2017	0.132883	0.138469	0.130593	0.134318	3,781	-
May 18, 2017	0.121283	0.133016	0.121283	0.132806	2,703	-
May 17, 2017	0.117242	0.128383	0.116009	0.121348	1,597	-
May 16, 2017	0.121841	0.123027	0.114243	0.117274	2,555	-
May 15, 2017	0.125202	0.126372	0.115543	0.122022	1,551	-
May 14, 2017	0.119387	0.126082	0.117734	0.125128	536	-
May 13, 2017	0.113788	0.121084	0.108418	0.119007	636	-
May 12, 2017	0.131390	0.138192	0.111825	0.114023	1,071	-
May 11, 2017	0.126983	0.132386	0.122325	0.127646	364	-
May 10, 2017	0.128226	0.197679	0.122690	0.126755	8,704	-
May 09, 2017	0.114983	0.175736	0.114485	0.128141	3,294	-
May 08, 2017	0.107265	0.116454	0.107042	0.114947	1,639	-
May 07, 2017	0.104198	0.128006	0.104198	0.107251	1,047	-
May 06, 2017	0.123299	0.132924	0.104138	0.104153	3,312	-
May 05, 2017	0.123901	0.147790	0.102566	0.123192	4,000	-
May 04, 2017	0.143109	0.149624	0.118981	0.123644	2,461	-
May 03, 2017	0.167926	0.176987	0.117057	0.143049	9,113	-
May 02, 2017	0.102314	0.209633	0.099507	0.167830	44,233	-
May 01, 2017	0.082934	0.112348	0.082934	0.102355	4,762	-
Apr 30, 2017	0.082617	0.095491	0.076311	0.082909	3,496	-
Apr 29, 2017	0.079070	0.091979	0.076516	0.082612	2,295	-
Apr 28, 2017	0.087617	0.089164	0.074300	0.078989	1,575	-
Apr 27, 2017	0.083502	0.092457	0.083491	0.087616	2,194	-
Apr 26, 2017	0.102748	0.114358	0.083449	0.083449	2,030	-
Apr 25, 2017	0.098110	0.120904	0.085111	0.102707	4,812	-
Apr 24, 2017	0.140535	0.141116	0.075387	0.098087	14,898	-
Apr 23, 2017	0.147091	0.148769	0.139874	0.140254	10,200	-
Apr 22, 2017	0.146725	0.168481	0.140424	0.147066	21,969	-
Apr 21, 2017	0.301306	0.301306	0.086043	0.146744	131,414	-
Apr 20, 2017	0.062007	0.370113	0.046084	0.203745	195,260	-
Apr 19, 2017	0.067879	0.071447	0.058198	0.061967	2,768	-
Apr 18, 2017	0.060870	0.068803	0.055370	0.064218	2,532	-
Apr 17, 2017	0.070037	0.070882	0.050659	0.060877	4,351	-
Apr 16, 2017	0.072596	0.080886	0.065542	0.070018	6,718	-
Apr 15, 2017	0.099431	0.116616	0.063766	0.072591	17,155	-
Apr 14, 2017	0.043887	0.449674	0.042375	0.099451	28,905	-
Apr 13, 2017	0.041832	0.043890	0.038922	0.043848	885	-
Apr 12, 2017	0.041807	0.047979	0.041549	0.041809	1,121	-
Apr 11, 2017	0.044209	0.046801	0.041150	0.041814	505	-
Apr 10, 2017	0.049973	0.056896	0.043747	0.044197	342	-
Apr 09, 2017	0.043533	0.050209	0.041742	0.049997	815	-
Apr 08, 2017	0.041043	0.048253	0.040690	0.043510	213	-
Apr 07, 2017	0.041499	0.043332	0.039963	0.041191	90	-
Apr 06, 2017	0.040034	0.046342	0.038941	0.041630	1,072	-
Apr 05, 2017	0.039808	0.043893	0.037863	0.039997	510	-
Apr 04, 2017	0.038959	0.041701	0.037847	0.039777	500	-
Apr 03, 2017	0.039772	0.041011	0.038508	0.038901	159	-
Apr 02, 2017	0.038924	0.040599	0.038758	0.039744	181	-
Apr 01, 2017	0.040725	0.042590	0.038603	0.038920	114	-
Mar 31, 2017	0.039372	0.043685	0.038230	0.040728	918	-
Mar 30, 2017	0.041751	0.045092	0.039012	0.039364	1,682	-
Mar 29, 2017	0.045327	0.045327	0.041621	0.041661	164	-
Mar 28, 2017	0.044677	0.046695	0.041383	0.045373	281	-
Mar 27, 2017	0.041050	0.051054	0.039361	0.044728	509	-
Mar 26, 2017	0.049012	0.049012	0.038851	0.040825	379	-
Mar 25, 2017	0.034746	0.064135	0.032755	0.048950	3,677	-
Mar 24, 2017	0.038932	0.040326	0.034665	0.034782	45	-
Mar 23, 2017	0.034557	0.041597	0.033955	0.038937	396	-
Mar 22, 2017	0.036925	0.038417	0.032455	0.034527	91	-
Mar 21, 2017	0.038521	0.039912	0.026519	0.036922	90	-
Mar 20, 2017	0.041386	0.042468	0.037281	0.038479	384	-
Mar 19, 2017	0.037116	0.042163	0.035440	0.041366	615	-
Mar 18, 2017	0.028603	0.050082	0.028603	0.037005	757	-
Mar 17, 2017	0.026554	0.033727	0.025215	0.028617	1,109	-
Mar 16, 2017	0.033123	0.033236	0.024914	0.026726	136	-
Mar 15, 2017	0.031686	0.036962	0.028685	0.033077	156	-
Mar 14, 2017	0.024656	0.034871	0.024427	0.031682	423	-
Mar 13, 2017	0.032939	0.033235	0.024395	0.024651	235	-
Mar 12, 2017	0.032945	0.037053	0.027782	0.032928	456	-
Mar 11, 2017	0.037218	0.038241	0.030898	0.032923	186	-
Mar 10, 2017	0.035705	0.039385	0.029797	0.037231	1,230	-
Mar 09, 2017	0.036823	0.038701	0.035593	0.035678	866	-
Mar 08, 2017	0.040354	0.040649	0.036500	0.036812	187	-
Mar 07, 2017	0.038196	0.040760	0.036206	0.040365	889	-
Mar 06, 2017	0.038189	0.039102	0.038078	0.038185	551	-
Mar 05, 2017	0.037792	0.040153	0.037692	0.038178	504	-
Mar 04, 2017	0.039766	0.043284	0.037818	0.037818	488	-
Mar 03, 2017	0.038935	0.039856	0.038935	0.039690	85	-
Mar 02, 2017	0.039545	0.043672	0.038928	0.038944	178	-
Mar 01, 2017	0.037761	0.039777	0.037750	0.039474	69	-
Feb 28, 2017	0.039589	0.040051	0.037569	0.037759	205	-
Feb 27, 2017	0.039568	0.041690	0.038499	0.039564	455	-
Feb 26, 2017	0.040049	0.042515	0.039314	0.039617	560	-
Feb 25, 2017	0.041760	0.043103	0.038619	0.040034	315	-
Feb 24, 2017	0.038805	0.042046	0.037355	0.041877	314	-
Feb 23, 2017	0.036870	0.039949	0.036870	0.038607	807	-
Feb 22, 2017	0.036788	0.037138	0.036505	0.036876	388	-
Feb 21, 2017	0.037775	0.038227	0.036799	0.036805	451	-
Feb 20, 2017	0.038487	0.039413	0.036542	0.037799	744	-
Feb 19, 2017	0.041536	0.041627	0.034206	0.038457	2,399	-
Feb 18, 2017	0.037020	0.041554	0.036501	0.041523	1,394	-
Feb 17, 2017	0.038650	0.039593	0.034785	0.036914	1,078	-
Feb 16, 2017	0.039303	0.043046	0.035959	0.038700	3,594	-
Feb 15, 2017	0.040199	0.045231	0.037112	0.039297	3,164	-
Feb 14, 2017	0.039729	0.043571	0.037066	0.040133	945	-
Feb 13, 2017	0.036800	0.039685	0.036724	0.039685	4,614	-
